6
	1 2	3 1	1 1	1 5	1 3	2 1	
2	 1	 1	 0	 0	 0	 0
2	 1	 1	 0	 0	 0	 0
2	 1	 1	 0	 0	 0	 0
4	 0	 1	 1	 0	 0	 0
4	 0	 1	 1	 0	 0	 0
4	 0	 1	 1	 0	 0	 0
4	 0	 1	 1	 0	 0	 0
4	 0	 1	 1	 0	 0	 0
5	 0	 1	 1	 0	 0	 0
5	 0	 1	 1	 0	 0	 0
5	 0	 1	 1	 0	 0	 0
5	 0	 1	 1	 0	 0	 0
5	 0	 1	 1	 0	 0	 0
5	 0	 1	 1	 0	 0	 0
5	 0	 1	 1	 0	 0	 0
5	 0	 1	 1	 0	 0	 0
5	 0	 1	 1	 0	 0	 0
5	 0	 1	 1	 0	 0	 0
5	 0	 1	 1	 0	 0	 0
5	 0	 1	 1	 0	 0	 0
5	 0	 1	 1	 0	 0	 0
5	 0	 1	 1	 0	 0	 0
5	 0	 1	 1	 0	 0	 0
5	 0	 1	 1	 0	 0	 0
5	 0	 1	 1	 0	 0	 0
5	 0	 1	 1	 0	 0	 0
5	 0	 1	 1	 0	 0	 0
5	 0	 1	 1	 0	 0	 0
5	 0	 1	 1	 0	 0	 0
5	 0	 1	 1	 0	 0	 0
5	 0	 1	 1	 0	 0	 0
5	 0	 1	 1	 0	 0	 0
5	 0	 1	 1	 0	 0	 0
5	 0	 1	 1	 0	 0	 0
5	 0	 1	 1	 0	 0	 0
5	 0	 1	 1	 0	 0	 0
5	 0	 1	 1	 0	 0	 0
5	 0	 1	 1	 0	 0	 0
5	 0	 1	 1	 0	 0	 0
5	 0	 1	 1	 0	 0	 0
5	 0	 1	 1	 0	 0	 0
5	 0	 1	 1	 0	 0	 0
5	 0	 1	 1	 0	 0	 0
5	 0	 1	 1	 0	 0	 0
5	 0	 1	 1	 0	 0	 0
5	 0	 1	 1	 0	 0	 0
5	 0	 1	 1	 0	 0	 0
5	 0	 1	 1	 0	 0	 0
5	 0	 1	 1	 0	 0	 0
5	 0	 1	 1	 0	 0	 0
5	 0	 1	 1	 0	 0	 0
5	 0	 1	 1	 0	 0	 0
5	 0	 1	 1	 0	 0	 0
5	 0	 1	 1	 0	 0	 0
5	 0	 1	 1	 0	 0	 0
5	 0	 1	 1	 0	 0	 0
5	 0	 1	 1	 0	 0	 0
5	 0	 1	 1	 0	 0	 0
5	 0	 1	 1	 0	 0	 0
5	 0	 1	 1	 0	 0	 0
8	 1	 0	 0	 0	 0	 0
8	 1	 0	 0	 0	 0	 0
9	 1	 0	 0	 0	 0	 0
9	 1	 0	 0	 0	 0	 0
9	 1	 0	 0	 0	 0	 0
17	 0	 0	 0	 0	 0	 1
17	 0	 0	 0	 0	 0	 1
17	 0	 0	 0	 0	 0	 1
17	 0	 0	 0	 0	 0	 1
17	 0	 0	 0	 0	 0	 1
17	 0	 0	 0	 0	 0	 1
17	 0	 0	 0	 0	 0	 1
17	 0	 0	 0	 0	 0	 1
17	 0	 0	 0	 0	 0	 1
17	 0	 0	 0	 0	 0	 1
19	 0	 0	 0	 0	 0	 1
19	 0	 0	 0	 0	 0	 1
19	 0	 0	 0	 0	 0	 1
19	 0	 0	 0	 0	 0	 1
19	 0	 0	 0	 0	 0	 1
19	 0	 0	 0	 0	 0	 1
19	 0	 0	 0	 0	 0	 1
19	 0	 0	 0	 0	 0	 1
19	 0	 0	 0	 0	 0	 1
19	 0	 0	 0	 0	 0	 1
19	 0	 0	 0	 0	 0	 1
19	 0	 0	 0	 0	 0	 1
19	 0	 0	 0	 0	 0	 1
19	 0	 0	 0	 0	 0	 1
19	 0	 0	 0	 0	 0	 1
19	 0	 0	 0	 0	 0	 1
19	 0	 0	 0	 0	 0	 1
19	 0	 0	 0	 0	 0	 1
19	 0	 0	 0	 0	 0	 1
19	 0	 0	 0	 0	 0	 1
23	 0	 0	 0	 0	 0	 1
24	 0	 0	 0	 0	 0	 1
24	 0	 0	 0	 0	 0	 1
27	 0	 1	 1	 0	 0	 1
27	 0	 1	 1	 0	 0	 1
27	 0	 1	 1	 0	 0	 1
27	 0	 1	 1	 0	 0	 1
27	 0	 1	 1	 0	 0	 1
28	 0	 1	 1	 0	 0	 1
28	 0	 1	 1	 0	 0	 1
28	 0	 1	 1	 0	 0	 1
28	 0	 1	 1	 0	 0	 1
28	 0	 1	 1	 0	 0	 1
28	 0	 1	 1	 0	 0	 1
28	 0	 1	 1	 0	 0	 1
28	 0	 1	 1	 0	 0	 1
28	 0	 1	 1	 0	 0	 1
28	 0	 1	 1	 0	 0	 1
28	 0	 1	 1	 0	 0	 1
28	 0	 1	 1	 0	 0	 1
28	 0	 1	 1	 0	 0	 1
28	 0	 1	 1	 0	 0	 1
28	 0	 1	 1	 0	 0	 1
28	 0	 1	 1	 0	 0	 1
28	 0	 1	 1	 0	 0	 1
28	 0	 1	 1	 0	 0	 1
28	 0	 1	 1	 0	 0	 1
28	 0	 1	 1	 0	 0	 1
28	 0	 1	 1	 0	 0	 1
28	 0	 1	 1	 0	 0	 1
28	 0	 1	 1	 0	 0	 1
28	 0	 1	 1	 0	 0	 1
28	 0	 1	 1	 0	 0	 1
28	 0	 1	 1	 0	 0	 1
28	 0	 1	 1	 0	 0	 1
28	 0	 1	 1	 0	 0	 1
28	 0	 1	 1	 0	 0	 1
28	 0	 1	 1	 0	 0	 1
28	 0	 1	 1	 0	 0	 1
28	 0	 1	 1	 0	 0	 1
28	 0	 1	 1	 0	 0	 1
28	 0	 1	 1	 0	 0	 1
28	 0	 1	 1	 0	 0	 1
28	 0	 1	 1	 0	 0	 1
28	 0	 1	 1	 0	 0	 1
28	 0	 1	 1	 0	 0	 1
28	 0	 1	 1	 0	 0	 1
28	 0	 1	 1	 0	 0	 1
28	 0	 1	 1	 0	 0	 1
28	 0	 1	 1	 0	 0	 1
28	 0	 1	 1	 0	 0	 1
28	 0	 1	 1	 0	 0	 1
28	 0	 1	 1	 0	 0	 1
28	 0	 1	 1	 0	 0	 1
28	 0	 1	 1	 0	 0	 1
28	 0	 1	 1	 0	 0	 1
28	 0	 1	 1	 0	 0	 1
28	 0	 1	 1	 0	 0	 1
28	 0	 1	 1	 0	 0	 1
28	 0	 1	 1	 0	 0	 1
28	 0	 1	 1	 0	 0	 1
28	 0	 1	 1	 0	 0	 1
28	 0	 1	 1	 0	 0	 1
28	 0	 1	 1	 0	 0	 1
30	 0	 1	 1	 0	 0	 1
37	 0	 1	 1	 0	 1	 1
37	 0	 1	 1	 0	 1	 1
37	 0	 1	 1	 0	 1	 1
37	 0	 1	 1	 0	 1	 1
37	 0	 1	 1	 0	 1	 1
37	 0	 1	 1	 0	 1	 1
37	 0	 1	 1	 0	 1	 1
37	 0	 1	 1	 0	 1	 1
37	 0	 1	 1	 0	 1	 1
37	 0	 1	 1	 0	 1	 1
37	 0	 1	 1	 0	 1	 1
37	 0	 1	 1	 0	 1	 1
37	 0	 1	 1	 0	 1	 1
37	 0	 1	 1	 0	 1	 1
37	 0	 1	 1	 0	 1	 1
37	 0	 1	 1	 0	 1	 1
37	 0	 1	 1	 0	 1	 1
37	 0	 1	 1	 0	 1	 1
37	 0	 1	 1	 0	 1	 1
37	 0	 1	 1	 0	 1	 1
37	 0	 1	 1	 0	 1	 1
37	 0	 1	 1	 0	 1	 1
37	 0	 1	 1	 0	 1	 1
37	 0	 1	 1	 0	 1	 1
39	 0	 1	 1	 1	 0	 1
39	 0	 1	 1	 1	 0	 1
39	 0	 1	 1	 1	 0	 1
39	 0	 1	 1	 1	 0	 1
39	 0	 1	 1	 1	 0	 1
39	 0	 1	 1	 1	 0	 1
39	 0	 1	 1	 1	 0	 1
39	 0	 1	 1	 1	 0	 1
39	 0	 1	 1	 1	 0	 1
39	 0	 1	 1	 1	 0	 1
39	 0	 1	 1	 1	 0	 1
39	 0	 1	 1	 1	 0	 1
39	 0	 1	 1	 1	 0	 1
39	 0	 1	 1	 1	 0	 1
39	 0	 1	 1	 1	 0	 1
39	 0	 1	 1	 1	 0	 1
39	 0	 1	 1	 1	 0	 1
39	 0	 1	 1	 1	 0	 1
39	 0	 1	 1	 1	 0	 1
39	 0	 1	 1	 1	 0	 1
39	 0	 1	 1	 1	 0	 1
39	 0	 1	 1	 1	 0	 1
39	 0	 1	 1	 1	 0	 1
39	 0	 1	 1	 1	 0	 1
39	 0	 1	 1	 1	 0	 1
39	 0	 1	 1	 1	 0	 1
39	 0	 1	 1	 1	 0	 1
39	 0	 1	 1	 1	 0	 1
41	 0	 0	 0	 0	 0	 0
41	 0	 0	 0	 0	 0	 0
41	 0	 0	 0	 0	 0	 0
41	 0	 0	 0	 0	 0	 0
41	 0	 0	 0	 0	 0	 0
41	 0	 0	 0	 0	 0	 0
41	 0	 0	 0	 0	 0	 0
41	 0	 0	 0	 0	 0	 0
41	 0	 0	 0	 0	 0	 0
41	 0	 0	 0	 0	 0	 0
41	 0	 0	 0	 0	 0	 0
41	 0	 0	 0	 0	 0	 0
41	 0	 0	 0	 0	 0	 0
41	 0	 0	 0	 0	 0	 0
41	 0	 0	 0	 0	 0	 0
41	 0	 0	 0	 0	 0	 0
41	 0	 0	 0	 0	 0	 0
41	 0	 0	 0	 0	 0	 0
41	 0	 0	 0	 0	 0	 0
41	 0	 0	 0	 0	 0	 0
41	 0	 0	 0	 0	 0	 0
41	 0	 0	 0	 0	 0	 0
41	 0	 0	 0	 0	 0	 0
41	 0	 0	 0	 0	 0	 0
41	 0	 0	 0	 0	 0	 0
41	 0	 0	 0	 0	 0	 0
41	 0	 0	 0	 0	 0	 0
41	 0	 0	 0	 0	 0	 0
41	 0	 0	 0	 0	 0	 0
41	 0	 0	 0	 0	 0	 0
41	 0	 0	 0	 0	 0	 0
41	 0	 0	 0	 0	 0	 0
41	 0	 0	 0	 0	 0	 0
41	 0	 0	 0	 0	 0	 0
41	 0	 0	 0	 0	 0	 0
41	 0	 0	 0	 0	 0	 0
41	 0	 0	 0	 0	 0	 0
41	 0	 0	 0	 0	 0	 0
41	 0	 0	 0	 0	 0	 0
41	 0	 0	 0	 0	 0	 0
41	 0	 0	 0	 0	 0	 0
41	 0	 0	 0	 0	 0	 0
41	 0	 0	 0	 0	 0	 0
41	 0	 0	 0	 0	 0	 0
41	 0	 0	 0	 0	 0	 0
41	 0	 0	 0	 0	 0	 0
41	 0	 0	 0	 0	 0	 0
41	 0	 0	 0	 0	 0	 0
41	 0	 0	 0	 0	 0	 0
41	 0	 0	 0	 0	 0	 0
41	 0	 0	 0	 0	 0	 0
41	 0	 0	 0	 0	 0	 0
41	 0	 0	 0	 0	 0	 0
41	 0	 0	 0	 0	 0	 0
41	 0	 0	 0	 0	 0	 0
41	 0	 0	 0	 0	 0	 0
41	 0	 0	 0	 0	 0	 0
41	 0	 0	 0	 0	 0	 0
41	 0	 0	 0	 0	 0	 0
41	 0	 0	 0	 0	 0	 0
41	 0	 0	 0	 0	 0	 0
41	 0	 0	 0	 0	 0	 0
41	 0	 0	 0	 0	 0	 0
41	 0	 0	 0	 0	 0	 0
41	 0	 0	 0	 0	 0	 0
41	 0	 0	 0	 0	 0	 0
41	 0	 0	 0	 0	 0	 0
41	 0	 0	 0	 0	 0	 0
41	 0	 0	 0	 0	 0	 0
41	 0	 0	 0	 0	 0	 0
41	 0	 0	 0	 0	 0	 0
41	 0	 0	 0	 0	 0	 0
41	 0	 0	 0	 0	 0	 0
41	 0	 0	 0	 0	 0	 0
41	 0	 0	 0	 0	 0	 0
41	 0	 0	 0	 0	 0	 0
41	 0	 0	 0	 0	 0	 0
41	 0	 0	 0	 0	 0	 0
41	 0	 0	 0	 0	 0	 0
41	 0	 0	 0	 0	 0	 0
41	 0	 0	 0	 0	 0	 0
41	 0	 0	 0	 0	 0	 0
41	 0	 0	 0	 0	 0	 0
41	 0	 0	 0	 0	 0	 0
41	 0	 0	 0	 0	 0	 0
41	 0	 0	 0	 0	 0	 0
41	 0	 0	 0	 0	 0	 0
41	 0	 0	 0	 0	 0	 0
41	 0	 0	 0	 0	 0	 0
41	 0	 0	 0	 0	 0	 0
41	 0	 0	 0	 0	 0	 0
41	 0	 0	 0	 0	 0	 0
41	 0	 0	 0	 0	 0	 0
41	 0	 0	 0	 0	 0	 0
41	 0	 0	 0	 0	 0	 0
41	 0	 0	 0	 0	 0	 0
51	 0	 0	 0	 0	 0	 0
51	 0	 0	 0	 0	 0	 0
53	 0	 0	 0	 0	 0	 0
55	 0	 1	 1	 0	 0	 0
55	 0	 1	 1	 0	 0	 0
56	 0	 1	 1	 1	 0	 0
56	 0	 1	 1	 1	 0	 0
56	 0	 1	 1	 1	 0	 0
56	 0	 1	 1	 1	 0	 0
