7
	1 2	3 1	1 1	1 5	1 3	2 1	1 4
0	1	 1	 0	 0	 0	 0	 0	 
1	1	 1	 0	 0	 0	 0	 0	 
2	0	 0	 0	 0	 0	 0	 0	 
3	0	 0	 0	 0	 0	 0	 1	 
4	1	 1	 0	 0	 0	 0	 0	 
5	0	 0	 0	 0	 0	 1	 0	 
6	1	 1	 0	 0	 0	 0	 0	 
7	0	 0	 0	 0	 0	 1	 1	 
8	1	 1	 0	 0	 0	 0	 0	 
9	0	 0	 0	 0	 1	 0	 0	 
10	1	 1	 0	 0	 0	 0	 0	 
11	0	 0	 0	 0	 1	 0	 1	 
12	1	 1	 0	 0	 0	 0	 0	 
13	0	 0	 0	 0	 1	 1	 0	 
14	1	 1	 0	 0	 0	 0	 0	 
15	0	 0	 0	 0	 1	 1	 1	 
16	1	 1	 0	 0	 0	 0	 0	 
17	0	 0	 0	 1	 0	 0	 0	 
18	1	 1	 0	 0	 0	 0	 0	 
19	0	 0	 0	 1	 0	 0	 1	 
20	1	 1	 0	 0	 0	 0	 0	 
21	0	 0	 0	 1	 0	 1	 0	 
22	1	 1	 0	 0	 0	 0	 0	 
23	0	 0	 0	 1	 0	 1	 1	 
24	1	 1	 0	 0	 0	 0	 0	 
25	0	 0	 0	 1	 1	 0	 0	 
26	1	 1	 0	 0	 0	 0	 0	 
27	0	 0	 0	 1	 1	 0	 1	 
28	1	 1	 0	 0	 0	 0	 0	 
29	0	 0	 0	 1	 1	 1	 0	 
30	1	 1	 0	 0	 0	 0	 0	 
31	0	 1	 1	 0	 0	 0	 0	 
32	0	 1	 1	 0	 0	 0	 0	 
33	0	 0	 0	 1	 1	 1	 1	 
34	0	 1	 1	 0	 0	 0	 0	 
35	0	 0	 1	 0	 0	 0	 0	 
36	0	 1	 1	 0	 0	 0	 0	 
37	0	 0	 1	 0	 0	 0	 1	 
38	0	 1	 1	 0	 0	 0	 0	 
39	0	 0	 1	 0	 0	 1	 0	 
40	0	 1	 1	 0	 0	 0	 0	 
41	0	 0	 1	 0	 0	 1	 1	 
42	0	 1	 1	 0	 0	 0	 0	 
43	0	 0	 1	 0	 1	 0	 0	 
44	0	 1	 1	 0	 0	 0	 0	 
45	0	 0	 1	 0	 1	 0	 1	 
46	0	 1	 1	 0	 0	 0	 0	 
47	0	 0	 1	 0	 1	 1	 0	 
48	0	 1	 1	 0	 0	 0	 0	 
49	0	 0	 1	 0	 1	 1	 1	 
50	0	 1	 1	 0	 0	 0	 0	 
51	0	 0	 1	 1	 0	 0	 0	 
52	0	 1	 1	 0	 0	 0	 0	 
53	0	 0	 1	 1	 0	 0	 1	 
54	0	 0	 1	 1	 0	 1	 0	 
55	0	 0	 0	 0	 0	 1	 0	 
56	0	 0	 1	 1	 0	 1	 1	 
57	0	 0	 0	 0	 0	 1	 0	 
58	0	 0	 1	 1	 1	 0	 0	 
59	0	 0	 0	 0	 0	 1	 0	 
60	0	 0	 1	 1	 1	 0	 1	 
61	0	 0	 0	 0	 0	 1	 0	 
62	0	 0	 1	 1	 1	 1	 0	 
63	0	 0	 0	 0	 0	 1	 0	 
64	0	 0	 1	 1	 1	 1	 1	 
65	0	 0	 0	 0	 0	 1	 0	 
66	0	 1	 0	 0	 0	 0	 0	 
67	0	 0	 0	 0	 0	 1	 0	 
68	0	 1	 0	 0	 0	 0	 1	 
69	0	 0	 0	 0	 0	 1	 0	 
70	0	 1	 0	 0	 0	 1	 0	 
71	0	 0	 0	 0	 0	 1	 0	 
72	0	 1	 0	 0	 0	 1	 1	 
73	0	 0	 0	 0	 0	 1	 0	 
74	0	 1	 0	 0	 1	 0	 0	 
75	0	 0	 0	 0	 0	 1	 0	 
76	0	 1	 0	 0	 1	 0	 1	 
77	0	 0	 0	 0	 0	 1	 0	 
78	0	 1	 0	 0	 1	 1	 0	 
79	0	 0	 0	 0	 0	 1	 0	 
80	0	 1	 0	 0	 1	 1	 1	 
81	0	 0	 0	 0	 0	 1	 0	 
82	0	 1	 0	 1	 0	 0	 0	 
83	0	 0	 0	 0	 0	 1	 0	 
84	0	 1	 0	 1	 0	 0	 1	 
85	0	 0	 0	 0	 0	 1	 0	 
86	0	 1	 0	 1	 0	 1	 0	 
87	0	 0	 0	 0	 0	 1	 0	 
88	0	 1	 0	 1	 0	 1	 1	 
89	0	 0	 0	 0	 0	 1	 0	 
90	0	 1	 0	 1	 1	 0	 0	 
91	0	 0	 0	 0	 0	 1	 0	 
92	0	 1	 0	 1	 1	 0	 1	 
93	0	 0	 0	 0	 0	 1	 0	 
94	0	 1	 0	 1	 1	 1	 0	 
95	0	 0	 0	 0	 0	 1	 0	 
96	0	 1	 0	 1	 1	 1	 1	 
97	0	 0	 0	 0	 0	 1	 0	 
98	0	 1	 1	 0	 0	 0	 1	 
99	0	 1	 1	 0	 1	 1	 0	 
100	0	 1	 1	 0	 1	 1	 0	 
101	0	 1	 1	 0	 0	 1	 0	 
102	0	 1	 1	 0	 1	 1	 0	 
103	0	 1	 1	 0	 0	 1	 1	 
104	0	 1	 1	 0	 1	 1	 0	 
105	0	 1	 1	 0	 1	 0	 0	 
106	0	 1	 1	 0	 1	 1	 0	 
107	0	 1	 1	 0	 1	 0	 1	 
108	0	 1	 1	 0	 1	 1	 0	 
109	0	 1	 1	 0	 1	 1	 1	 
110	0	 1	 1	 0	 1	 1	 0	 
111	0	 1	 1	 1	 0	 0	 0	 
112	0	 1	 1	 0	 1	 1	 0	 
113	0	 1	 1	 1	 0	 0	 1	 
114	0	 1	 1	 0	 1	 1	 0	 
115	0	 1	 1	 1	 0	 1	 0	 
116	0	 1	 1	 0	 1	 1	 0	 
117	0	 1	 1	 1	 0	 1	 1	 
118	0	 1	 1	 1	 0	 1	 0	 
119	0	 1	 1	 1	 1	 0	 0	 
120	0	 1	 1	 1	 0	 1	 0	 
121	0	 1	 1	 1	 1	 0	 1	 
122	0	 1	 1	 1	 0	 1	 0	 
123	0	 1	 1	 1	 1	 1	 0	 
124	0	 1	 1	 1	 0	 1	 0	 
125	0	 1	 1	 1	 1	 1	 1	 
126	0	 1	 1	 1	 0	 1	 0	 
127	1	 0	 0	 0	 0	 0	 0	 
128	0	 1	 1	 1	 0	 1	 0	 
129	1	 0	 0	 0	 0	 0	 1	 
130	1	 0	 0	 0	 0	 1	 0	 
131	0	 0	 0	 0	 0	 0	 0	 
132	1	 0	 0	 0	 0	 1	 1	 
133	0	 0	 0	 0	 0	 0	 0	 
134	1	 0	 0	 0	 1	 0	 0	 
135	0	 0	 0	 0	 0	 0	 0	 
136	1	 0	 0	 0	 1	 0	 1	 
137	0	 0	 0	 0	 0	 0	 0	 
138	1	 0	 0	 0	 1	 1	 0	 
139	0	 0	 0	 0	 0	 0	 0	 
140	1	 0	 0	 0	 1	 1	 1	 
141	0	 0	 0	 0	 0	 0	 0	 
142	1	 0	 0	 1	 0	 0	 0	 
143	0	 0	 0	 0	 0	 0	 0	 
144	1	 0	 0	 1	 0	 0	 1	 
145	0	 0	 0	 0	 0	 0	 0	 
146	1	 0	 0	 1	 0	 1	 0	 
147	0	 0	 0	 0	 0	 0	 0	 
148	1	 0	 0	 1	 0	 1	 1	 
149	0	 0	 0	 0	 0	 0	 0	 
150	1	 0	 0	 1	 1	 0	 0	 
151	0	 0	 0	 0	 0	 0	 0	 
152	1	 0	 0	 1	 1	 0	 1	 
153	0	 0	 0	 0	 0	 0	 0	 
154	1	 0	 0	 1	 1	 1	 0	 
155	0	 0	 0	 0	 0	 0	 0	 
156	1	 0	 0	 1	 1	 1	 1	 
157	0	 0	 0	 0	 0	 0	 0	 
158	1	 0	 1	 0	 0	 0	 0	 
159	0	 0	 0	 0	 0	 0	 0	 
160	1	 0	 1	 0	 0	 0	 1	 
161	0	 0	 0	 0	 0	 0	 0	 
162	1	 0	 1	 0	 0	 1	 0	 
163	0	 0	 0	 0	 0	 0	 0	 
164	1	 0	 1	 0	 0	 1	 1	 
165	0	 0	 0	 0	 0	 0	 0	 
166	1	 0	 1	 0	 1	 0	 0	 
167	0	 0	 0	 0	 0	 0	 0	 
168	1	 0	 1	 0	 1	 0	 1	 
169	0	 0	 0	 0	 0	 0	 0	 
170	1	 0	 1	 0	 1	 1	 0	 
171	0	 0	 0	 0	 0	 0	 0	 
172	1	 0	 1	 0	 1	 1	 1	 
173	0	 0	 0	 0	 0	 0	 0	 
174	1	 0	 1	 1	 0	 0	 0	 
175	0	 0	 0	 0	 0	 0	 0	 
176	1	 0	 1	 1	 0	 0	 1	 
177	0	 0	 0	 0	 0	 0	 0	 
178	1	 0	 1	 1	 0	 1	 0	 
179	0	 0	 0	 0	 0	 0	 0	 
180	1	 0	 1	 1	 0	 1	 1	 
181	0	 0	 0	 0	 0	 0	 0	 
182	1	 0	 1	 1	 1	 0	 0	 
183	0	 0	 0	 0	 0	 0	 0	 
184	1	 0	 1	 1	 1	 0	 1	 
185	0	 0	 0	 0	 0	 0	 0	 
186	1	 0	 1	 1	 1	 1	 0	 
187	0	 0	 0	 0	 0	 0	 0	 
188	1	 0	 1	 1	 1	 1	 1	 
189	0	 0	 0	 0	 0	 0	 0	 
190	1	 1	 0	 0	 0	 0	 1	 
191	0	 0	 0	 0	 0	 0	 0	 
192	1	 1	 0	 0	 0	 1	 0	 
193	0	 0	 0	 0	 0	 0	 0	 
194	1	 1	 0	 0	 0	 1	 1	 
195	0	 0	 0	 0	 0	 0	 0	 
196	1	 1	 0	 0	 1	 0	 0	 
197	0	 0	 0	 0	 0	 0	 0	 
198	1	 1	 0	 0	 1	 0	 1	 
199	0	 0	 0	 0	 0	 0	 0	 
200	1	 1	 0	 0	 1	 1	 0	 
201	0	 0	 0	 0	 0	 0	 0	 
202	1	 1	 0	 0	 1	 1	 1	 
203	1	 1	 0	 1	 0	 0	 0	 
204	0	 1	 1	 0	 0	 0	 0	 
205	1	 1	 0	 1	 0	 0	 1	 
206	0	 1	 1	 0	 0	 0	 0	 
207	1	 1	 0	 1	 0	 1	 0	 
208	0	 1	 1	 0	 0	 0	 0	 
209	1	 1	 0	 1	 0	 1	 1	 
210	0	 1	 1	 0	 0	 0	 0	 
211	1	 1	 0	 1	 1	 0	 0	 
212	0	 1	 1	 0	 0	 0	 0	 
213	1	 1	 0	 1	 1	 0	 1	 
214	0	 1	 1	 0	 0	 0	 0	 
215	1	 1	 0	 1	 1	 1	 0	 
216	0	 1	 1	 0	 0	 0	 0	 
217	1	 1	 0	 1	 1	 1	 1	 
218	0	 1	 1	 0	 0	 0	 0	 
219	1	 1	 1	 0	 0	 0	 0	 
220	0	 1	 1	 0	 0	 0	 0	 
221	1	 1	 1	 0	 0	 0	 1	 
222	0	 1	 1	 0	 0	 0	 0	 
