7
	1 2	3 1	1 1	1 5	1 3	2 1	1 4
0	1	 1	 0	 0	 0	 0	 0	 
1	1	 1	 0	 0	 0	 0	 0	 
2	0	 0	 0	 0	 0	 0	 0	 
3	1	 1	 0	 0	 0	 0	 0	 
4	0	 0	 0	 0	 0	 0	 1	 
5	1	 0	 0	 0	 0	 0	 0	 
6	1	 0	 0	 0	 0	 0	 0	 
7	0	 0	 0	 0	 0	 1	 0	 
8	1	 0	 0	 0	 0	 0	 0	 
9	0	 0	 0	 0	 0	 1	 1	 
10	1	 0	 0	 0	 0	 0	 0	 
11	0	 0	 0	 0	 1	 0	 0	 
12	1	 0	 0	 0	 0	 0	 0	 
13	0	 0	 0	 0	 1	 0	 1	 
14	1	 0	 0	 0	 0	 0	 0	 
15	0	 0	 0	 0	 1	 1	 0	 
16	0	 0	 0	 0	 1	 1	 1	 
17	1	 0	 0	 0	 0	 0	 0	 
18	0	 0	 0	 1	 0	 0	 0	 
19	1	 0	 0	 0	 0	 0	 0	 
20	0	 0	 0	 1	 0	 0	 1	 
21	1	 0	 0	 0	 0	 0	 0	 
22	0	 0	 0	 1	 0	 1	 0	 
23	1	 0	 0	 0	 0	 0	 0	 
24	0	 0	 0	 1	 0	 1	 1	 
25	1	 0	 0	 0	 0	 0	 0	 
26	0	 0	 0	 1	 1	 0	 0	 
27	1	 0	 0	 0	 0	 0	 0	 
28	0	 0	 0	 1	 1	 0	 1	 
29	1	 0	 0	 0	 0	 0	 0	 
30	0	 0	 0	 1	 1	 1	 0	 
31	1	 0	 0	 0	 0	 0	 0	 
32	0	 0	 0	 1	 1	 1	 1	 
33	0	 0	 0	 0	 0	 1	 0	 
34	0	 0	 1	 0	 0	 0	 0	 
35	0	 0	 0	 0	 0	 1	 0	 
36	0	 0	 1	 0	 0	 0	 1	 
37	0	 0	 0	 0	 0	 1	 0	 
38	0	 0	 1	 0	 0	 1	 0	 
39	0	 0	 0	 0	 0	 1	 0	 
40	0	 0	 1	 0	 0	 1	 1	 
41	0	 0	 0	 0	 0	 1	 0	 
42	0	 0	 1	 0	 1	 0	 0	 
43	0	 0	 0	 0	 0	 1	 0	 
44	0	 0	 1	 0	 1	 0	 1	 
45	0	 0	 0	 0	 0	 1	 0	 
46	0	 0	 1	 0	 1	 1	 0	 
47	0	 0	 0	 0	 0	 1	 0	 
48	0	 0	 1	 0	 1	 1	 1	 
49	0	 0	 0	 0	 0	 1	 0	 
50	0	 0	 1	 1	 0	 0	 0	 
51	0	 0	 0	 0	 0	 1	 0	 
52	0	 0	 1	 1	 0	 0	 1	 
53	0	 0	 0	 0	 0	 1	 0	 
54	0	 0	 1	 1	 0	 1	 0	 
55	0	 0	 0	 0	 0	 1	 0	 
56	0	 0	 1	 1	 0	 1	 1	 
57	0	 0	 0	 0	 0	 1	 0	 
58	0	 0	 1	 1	 1	 0	 0	 
59	0	 0	 0	 0	 0	 1	 0	 
60	0	 0	 1	 1	 1	 0	 1	 
61	0	 0	 0	 0	 0	 1	 0	 
62	0	 0	 1	 1	 1	 1	 0	 
63	0	 0	 0	 0	 0	 1	 0	 
64	0	 0	 1	 1	 1	 1	 1	 
65	0	 0	 0	 0	 0	 1	 0	 
66	0	 1	 0	 0	 0	 0	 0	 
67	0	 0	 0	 0	 0	 1	 0	 
68	0	 1	 0	 0	 0	 0	 1	 
69	0	 0	 0	 0	 0	 1	 0	 
70	0	 1	 0	 0	 0	 1	 0	 
71	0	 0	 0	 0	 0	 1	 0	 
72	0	 1	 0	 0	 0	 1	 1	 
73	0	 0	 0	 0	 0	 1	 0	 
74	0	 1	 0	 0	 1	 0	 0	 
75	0	 0	 0	 0	 0	 1	 0	 
76	0	 1	 0	 0	 1	 0	 1	 
77	0	 0	 0	 0	 0	 1	 0	 
78	0	 1	 0	 0	 1	 1	 0	 
79	0	 0	 0	 0	 0	 1	 0	 
80	0	 1	 0	 0	 1	 1	 1	 
81	0	 0	 0	 0	 0	 1	 0	 
82	0	 1	 0	 1	 0	 0	 0	 
83	0	 0	 0	 0	 0	 1	 0	 
84	0	 1	 0	 1	 0	 0	 1	 
85	0	 0	 0	 0	 0	 1	 0	 
86	0	 1	 0	 1	 0	 1	 0	 
87	0	 0	 0	 0	 0	 1	 0	 
88	0	 1	 0	 1	 0	 1	 1	 
89	0	 0	 0	 0	 0	 1	 0	 
90	0	 1	 0	 1	 1	 0	 0	 
91	0	 0	 0	 0	 0	 1	 0	 
92	0	 1	 0	 1	 1	 0	 1	 
93	0	 0	 0	 0	 0	 1	 0	 
94	0	 1	 0	 1	 1	 1	 0	 
95	0	 0	 0	 0	 0	 1	 0	 
96	0	 1	 0	 1	 1	 1	 1	 
97	0	 0	 0	 0	 0	 1	 0	 
98	0	 1	 1	 0	 0	 0	 0	 
99	0	 0	 0	 0	 0	 1	 0	 
100	0	 1	 1	 0	 0	 0	 1	 
101	0	 0	 0	 0	 0	 1	 0	 
102	0	 1	 1	 0	 0	 1	 0	 
103	0	 0	 0	 0	 0	 1	 0	 
104	0	 1	 1	 0	 0	 1	 1	 
105	0	 0	 0	 0	 0	 1	 0	 
106	0	 1	 1	 0	 1	 0	 0	 
107	0	 0	 0	 0	 0	 1	 0	 
108	0	 1	 1	 0	 1	 0	 1	 
109	0	 0	 0	 0	 0	 1	 0	 
110	0	 1	 1	 0	 1	 1	 0	 
111	0	 0	 0	 0	 0	 1	 0	 
112	0	 1	 1	 0	 1	 1	 1	 
113	0	 0	 0	 0	 0	 1	 0	 
114	0	 1	 1	 1	 0	 0	 0	 
115	0	 0	 0	 0	 0	 1	 0	 
116	0	 1	 1	 1	 0	 0	 1	 
117	0	 0	 0	 0	 0	 1	 0	 
118	0	 1	 1	 1	 0	 1	 0	 
119	0	 0	 0	 0	 0	 1	 0	 
120	0	 1	 1	 1	 0	 1	 1	 
121	0	 0	 0	 0	 0	 1	 0	 
122	0	 1	 1	 1	 1	 0	 0	 
123	0	 0	 0	 0	 0	 1	 0	 
124	0	 1	 1	 1	 1	 0	 1	 
125	0	 0	 0	 0	 0	 1	 0	 
126	0	 1	 1	 1	 1	 1	 0	 
127	0	 0	 0	 0	 0	 1	 0	 
128	0	 1	 1	 1	 1	 1	 1	 
129	0	 0	 0	 0	 0	 1	 0	 
130	1	 0	 0	 0	 0	 0	 1	 
131	0	 0	 0	 0	 0	 1	 0	 
132	1	 0	 0	 0	 0	 1	 0	 
133	0	 0	 0	 0	 0	 1	 0	 
134	1	 0	 0	 0	 0	 1	 1	 
135	0	 0	 0	 0	 0	 1	 0	 
136	1	 0	 0	 0	 1	 0	 0	 
137	0	 0	 0	 0	 0	 1	 0	 
138	1	 0	 0	 0	 1	 0	 1	 
139	0	 0	 0	 0	 0	 1	 0	 
140	1	 0	 0	 0	 1	 1	 0	 
141	0	 0	 0	 0	 0	 1	 0	 
142	1	 0	 0	 0	 1	 1	 1	 
143	0	 0	 0	 0	 0	 1	 0	 
144	1	 0	 0	 1	 0	 0	 0	 
145	0	 0	 0	 0	 0	 1	 0	 
146	1	 0	 0	 1	 0	 0	 1	 
147	1	 0	 0	 1	 0	 1	 0	 
148	0	 1	 1	 0	 0	 1	 0	 
149	1	 0	 0	 1	 0	 1	 1	 
150	0	 1	 1	 0	 0	 1	 0	 
151	1	 0	 0	 1	 1	 0	 0	 
152	0	 1	 1	 0	 0	 1	 0	 
153	1	 0	 0	 1	 1	 0	 1	 
154	0	 1	 1	 0	 0	 1	 0	 
155	1	 0	 0	 1	 1	 1	 0	 
156	0	 1	 1	 0	 0	 1	 0	 
157	1	 0	 0	 1	 1	 1	 1	 
158	0	 1	 1	 0	 0	 1	 0	 
159	1	 0	 1	 0	 0	 0	 0	 
160	1	 0	 1	 0	 0	 0	 1	 
161	0	 0	 0	 0	 0	 0	 0	 
162	1	 0	 1	 0	 0	 1	 0	 
163	0	 0	 0	 0	 0	 0	 0	 
164	1	 0	 1	 0	 0	 1	 1	 
165	0	 0	 0	 0	 0	 0	 0	 
166	1	 0	 1	 0	 1	 0	 0	 
167	0	 0	 0	 0	 0	 0	 0	 
168	1	 0	 1	 0	 1	 0	 1	 
169	1	 0	 1	 0	 1	 1	 0	 
170	1	 0	 1	 0	 1	 1	 1	 
171	1	 0	 1	 1	 0	 0	 0	 
172	0	 0	 0	 0	 0	 0	 0	 
173	1	 0	 1	 1	 0	 0	 1	 
174	0	 0	 0	 0	 0	 0	 0	 
175	1	 0	 1	 1	 0	 1	 0	 
176	0	 0	 0	 0	 0	 0	 0	 
177	1	 0	 1	 1	 0	 1	 1	 
178	0	 0	 0	 0	 0	 0	 0	 
179	1	 0	 1	 1	 1	 0	 0	 
180	0	 0	 0	 0	 0	 0	 0	 
181	1	 0	 1	 1	 1	 0	 1	 
182	1	 0	 1	 1	 1	 1	 0	 
183	0	 0	 0	 0	 0	 0	 0	 
184	1	 0	 1	 1	 1	 1	 1	 
185	0	 0	 0	 0	 0	 0	 0	 
186	1	 1	 0	 0	 0	 0	 1	 
187	0	 0	 0	 0	 0	 0	 0	 
188	1	 1	 0	 0	 0	 1	 0	 
189	0	 0	 0	 0	 0	 0	 0	 
190	1	 1	 0	 0	 0	 1	 1	 
191	1	 1	 0	 0	 1	 0	 0	 
192	0	 1	 1	 0	 0	 0	 0	 
193	1	 1	 0	 0	 1	 0	 1	 
194	0	 1	 1	 0	 0	 0	 0	 
195	1	 1	 0	 0	 1	 1	 0	 
196	0	 1	 1	 0	 0	 0	 0	 
197	1	 1	 0	 0	 1	 1	 1	 
198	0	 1	 1	 0	 0	 0	 0	 
199	1	 1	 0	 1	 0	 0	 0	 
200	0	 1	 1	 0	 0	 0	 0	 
201	1	 1	 0	 1	 0	 0	 1	 
202	0	 1	 1	 0	 0	 0	 0	 
203	1	 1	 0	 1	 0	 1	 0	 
204	0	 1	 1	 0	 0	 0	 0	 
205	1	 1	 0	 1	 0	 1	 1	 
206	0	 1	 1	 0	 0	 0	 0	 
207	1	 1	 0	 1	 1	 0	 0	 
