7
	1 2	3 1	1 1	1 5	1 3	2 1	1 4
0	1	 1	 0	 0	 0	 0	 0	 
1	1	 1	 0	 0	 0	 0	 0	 
2	0	 0	 0	 0	 0	 0	 0	 
3	0	 0	 0	 0	 0	 0	 1	 
4	1	 1	 0	 0	 0	 0	 0	 
5	0	 0	 0	 0	 0	 1	 0	 
6	1	 1	 0	 0	 0	 0	 0	 
7	0	 0	 0	 0	 0	 1	 1	 
8	1	 1	 0	 0	 0	 0	 0	 
9	0	 0	 0	 0	 1	 0	 0	 
10	1	 1	 0	 0	 0	 0	 0	 
11	0	 0	 0	 0	 1	 0	 1	 
12	1	 1	 0	 0	 0	 0	 0	 
13	0	 1	 1	 0	 0	 0	 0	 
14	0	 1	 1	 0	 0	 0	 0	 
15	0	 0	 0	 0	 1	 1	 0	 
16	0	 0	 0	 0	 1	 1	 1	 
17	0	 1	 1	 0	 0	 0	 0	 
18	0	 0	 0	 1	 0	 0	 0	 
19	0	 1	 1	 0	 0	 0	 0	 
20	0	 0	 0	 1	 0	 0	 1	 
21	0	 1	 1	 0	 0	 0	 0	 
22	0	 0	 0	 1	 0	 1	 0	 
23	0	 1	 1	 0	 0	 0	 0	 
24	0	 0	 0	 1	 0	 1	 1	 
25	0	 1	 1	 0	 0	 0	 0	 
26	0	 0	 0	 1	 1	 0	 0	 
27	0	 1	 1	 0	 0	 0	 0	 
28	0	 0	 0	 1	 1	 0	 1	 
29	0	 0	 0	 1	 1	 1	 0	 
30	0	 1	 1	 0	 0	 0	 0	 
31	0	 0	 0	 1	 1	 1	 1	 
32	0	 1	 1	 0	 0	 0	 0	 
33	0	 0	 1	 0	 0	 0	 0	 
34	0	 1	 1	 0	 0	 0	 0	 
35	1	 0	 0	 0	 0	 0	 0	 
36	1	 0	 0	 0	 0	 0	 0	 
37	0	 0	 1	 0	 0	 0	 1	 
38	1	 0	 0	 0	 0	 0	 0	 
39	0	 0	 1	 0	 0	 1	 0	 
40	1	 0	 0	 0	 0	 0	 0	 
41	0	 0	 1	 0	 0	 1	 1	 
42	1	 0	 0	 0	 0	 0	 0	 
43	0	 0	 1	 0	 1	 0	 0	 
44	1	 0	 0	 0	 0	 0	 0	 
45	0	 0	 1	 0	 1	 0	 1	 
46	1	 0	 0	 0	 0	 0	 0	 
47	0	 0	 1	 0	 1	 1	 0	 
48	1	 0	 0	 0	 0	 0	 0	 
49	0	 0	 1	 0	 1	 1	 1	 
50	0	 0	 0	 0	 0	 1	 0	 
51	0	 0	 1	 1	 0	 0	 0	 
52	0	 0	 1	 1	 0	 0	 1	 
53	0	 0	 0	 0	 0	 1	 0	 
54	0	 0	 1	 1	 0	 1	 0	 
55	0	 0	 0	 0	 0	 1	 0	 
56	0	 0	 1	 1	 0	 1	 1	 
57	0	 0	 0	 0	 0	 1	 0	 
58	0	 0	 1	 1	 1	 0	 0	 
59	0	 0	 0	 0	 0	 1	 0	 
60	0	 0	 1	 1	 1	 0	 1	 
61	0	 0	 0	 0	 0	 1	 0	 
62	0	 0	 1	 1	 1	 1	 0	 
63	0	 0	 0	 0	 0	 1	 0	 
64	0	 0	 1	 1	 1	 1	 1	 
65	0	 0	 0	 0	 0	 1	 0	 
66	0	 1	 0	 0	 0	 0	 0	 
67	0	 0	 0	 0	 0	 1	 0	 
68	0	 1	 0	 0	 0	 0	 1	 
69	0	 0	 0	 0	 0	 1	 0	 
70	0	 1	 0	 0	 0	 1	 0	 
71	0	 0	 0	 0	 0	 1	 0	 
72	0	 1	 0	 0	 0	 1	 1	 
73	0	 0	 0	 0	 0	 1	 0	 
74	0	 1	 0	 0	 1	 0	 0	 
75	0	 0	 0	 0	 0	 1	 0	 
76	0	 1	 0	 0	 1	 0	 1	 
77	0	 0	 0	 0	 0	 1	 0	 
78	0	 1	 0	 0	 1	 1	 0	 
79	0	 0	 0	 0	 0	 1	 0	 
80	0	 1	 0	 0	 1	 1	 1	 
81	0	 0	 0	 0	 0	 1	 0	 
82	0	 1	 0	 1	 0	 0	 0	 
83	0	 0	 0	 0	 0	 1	 0	 
84	0	 1	 0	 1	 0	 0	 1	 
85	0	 0	 0	 0	 0	 1	 0	 
86	0	 1	 0	 1	 0	 1	 0	 
87	0	 0	 0	 0	 0	 1	 0	 
88	0	 1	 0	 1	 0	 1	 1	 
89	0	 0	 0	 0	 0	 1	 0	 
90	0	 1	 0	 1	 1	 0	 0	 
91	0	 1	 0	 1	 1	 0	 1	 
92	0	 1	 1	 0	 0	 1	 0	 
93	0	 1	 1	 0	 0	 1	 0	 
94	0	 1	 0	 1	 1	 1	 0	 
95	0	 1	 1	 0	 0	 1	 0	 
96	0	 1	 0	 1	 1	 1	 1	 
97	0	 1	 1	 0	 0	 1	 0	 
98	0	 1	 1	 0	 0	 0	 1	 
99	0	 1	 1	 0	 0	 1	 0	 
100	0	 1	 1	 0	 0	 1	 1	 
101	0	 1	 1	 0	 0	 1	 0	 
102	0	 1	 1	 0	 1	 0	 0	 
103	0	 1	 1	 0	 0	 1	 0	 
104	0	 1	 1	 0	 1	 0	 1	 
105	0	 1	 1	 0	 0	 1	 0	 
106	0	 1	 1	 0	 1	 1	 0	 
107	0	 1	 1	 0	 0	 1	 0	 
108	0	 1	 1	 0	 1	 1	 1	 
109	0	 1	 1	 1	 0	 0	 0	 
110	0	 1	 1	 0	 0	 1	 0	 
111	0	 1	 1	 1	 0	 0	 1	 
112	0	 1	 1	 0	 1	 1	 0	 
113	0	 1	 1	 1	 0	 1	 0	 
114	0	 1	 1	 0	 1	 1	 0	 
115	0	 1	 1	 1	 0	 1	 1	 
116	0	 1	 1	 1	 0	 1	 0	 
117	0	 1	 1	 1	 1	 0	 0	 
118	0	 1	 1	 1	 0	 1	 0	 
119	0	 1	 1	 1	 1	 0	 1	 
120	0	 1	 1	 1	 0	 1	 0	 
121	0	 1	 1	 1	 1	 1	 0	 
122	0	 1	 1	 1	 0	 1	 0	 
123	0	 1	 1	 1	 1	 1	 1	 
124	0	 1	 1	 1	 0	 1	 0	 
125	1	 0	 0	 0	 0	 0	 1	 
126	0	 1	 1	 1	 0	 1	 0	 
127	1	 0	 0	 0	 0	 1	 0	 
128	0	 1	 1	 1	 0	 1	 0	 
129	1	 0	 0	 0	 0	 1	 1	 
130	0	 1	 1	 1	 0	 1	 0	 
131	1	 0	 0	 0	 1	 0	 0	 
132	1	 0	 0	 0	 1	 0	 1	 
133	0	 0	 0	 0	 0	 0	 0	 
134	1	 0	 0	 0	 1	 1	 0	 
135	0	 0	 0	 0	 0	 0	 0	 
136	1	 0	 0	 0	 1	 1	 1	 
137	0	 0	 0	 0	 0	 0	 0	 
138	1	 0	 0	 1	 0	 0	 0	 
139	1	 0	 0	 1	 0	 0	 1	 
140	0	 0	 0	 0	 0	 0	 0	 
141	1	 0	 0	 1	 0	 1	 0	 
142	0	 0	 0	 0	 0	 0	 0	 
143	1	 0	 0	 1	 0	 1	 1	 
144	1	 0	 0	 1	 1	 0	 0	 
145	0	 0	 0	 0	 0	 0	 0	 
146	1	 0	 0	 1	 1	 0	 1	 
147	0	 0	 0	 0	 0	 0	 0	 
148	1	 0	 0	 1	 1	 1	 0	 
149	0	 0	 0	 0	 0	 0	 0	 
150	1	 0	 0	 1	 1	 1	 1	 
151	0	 0	 0	 0	 0	 0	 0	 
152	1	 0	 1	 0	 0	 0	 0	 
153	0	 0	 0	 0	 0	 0	 0	 
154	1	 0	 1	 0	 0	 0	 1	 
155	0	 0	 0	 0	 0	 0	 0	 
156	1	 0	 1	 0	 0	 1	 0	 
157	0	 0	 0	 0	 0	 0	 0	 
158	1	 0	 1	 0	 0	 1	 1	 
159	0	 0	 0	 0	 0	 0	 0	 
160	1	 0	 1	 0	 1	 0	 0	 
161	0	 0	 0	 0	 0	 0	 0	 
162	1	 0	 1	 0	 1	 0	 1	 
163	0	 0	 0	 0	 0	 0	 0	 
164	1	 0	 1	 0	 1	 1	 0	 
165	0	 0	 0	 0	 0	 0	 0	 
166	1	 0	 1	 0	 1	 1	 1	 
167	1	 0	 1	 1	 0	 0	 0	 
168	0	 0	 0	 0	 0	 0	 0	 
169	1	 0	 1	 1	 0	 0	 1	 
170	0	 0	 0	 0	 0	 0	 0	 
171	1	 0	 1	 1	 0	 1	 0	 
172	0	 0	 0	 0	 0	 0	 0	 
173	1	 0	 1	 1	 0	 1	 1	 
174	0	 0	 0	 0	 0	 0	 0	 
175	1	 0	 1	 1	 1	 0	 0	 
176	0	 0	 0	 0	 0	 0	 0	 
177	1	 0	 1	 1	 1	 0	 1	 
178	0	 0	 0	 0	 0	 0	 0	 
179	1	 0	 1	 1	 1	 1	 0	 
180	0	 0	 0	 0	 0	 0	 0	 
181	1	 0	 1	 1	 1	 1	 1	 
182	0	 0	 0	 0	 0	 0	 0	 
183	1	 1	 0	 0	 0	 0	 1	 
184	1	 1	 0	 0	 0	 1	 0	 
185	0	 0	 0	 0	 0	 0	 0	 
186	1	 1	 0	 0	 0	 1	 1	 
187	0	 0	 0	 0	 0	 0	 0	 
188	1	 1	 0	 0	 1	 0	 0	 
189	0	 0	 0	 0	 0	 0	 0	 
190	1	 1	 0	 0	 1	 0	 1	 
191	0	 0	 0	 0	 0	 0	 0	 
192	1	 1	 0	 0	 1	 1	 0	 
193	0	 0	 0	 0	 0	 0	 0	 
194	1	 1	 0	 0	 1	 1	 1	 
195	0	 0	 0	 0	 0	 0	 0	 
196	1	 1	 0	 1	 0	 0	 0	 
197	0	 0	 0	 0	 0	 0	 0	 
198	1	 1	 0	 1	 0	 0	 1	 
199	0	 0	 0	 0	 0	 0	 0	 
200	1	 1	 0	 1	 0	 1	 0	 
201	0	 0	 0	 0	 0	 0	 0	 
202	1	 1	 0	 1	 0	 1	 1	 
203	0	 0	 0	 0	 0	 0	 0	 
204	1	 1	 0	 1	 1	 0	 0	 
205	1	 1	 0	 1	 1	 0	 1	 
206	0	 1	 1	 0	 0	 0	 0	 
207	1	 1	 0	 1	 1	 1	 0	 
208	0	 1	 1	 0	 0	 0	 0	 
209	1	 1	 0	 1	 1	 1	 1	 
210	0	 1	 1	 0	 0	 0	 0	 
211	1	 1	 1	 0	 0	 0	 0	 
212	1	 1	 1	 0	 0	 0	 1	 
213	0	 1	 1	 1	 0	 0	 0	 
214	1	 1	 1	 0	 0	 1	 0	 
