7
	1 2	3 1	1 1	1 5	1 3	2 1	1 4
0	1	 1	 0	 0	 0	 0	 0	 
1	1	 1	 0	 0	 0	 0	 0	 
2	0	 0	 0	 0	 0	 0	 0	 
3	0	 1	 1	 0	 0	 0	 0	 
4	0	 0	 0	 0	 0	 0	 1	 
5	0	 1	 1	 0	 0	 0	 0	 
6	0	 0	 0	 0	 0	 1	 0	 
7	0	 1	 1	 0	 0	 0	 0	 
8	0	 0	 0	 0	 0	 1	 1	 
9	0	 1	 1	 0	 0	 0	 0	 
10	0	 0	 0	 0	 1	 0	 0	 
11	0	 1	 1	 0	 0	 0	 0	 
12	0	 0	 0	 0	 1	 0	 1	 
13	0	 1	 1	 0	 0	 0	 0	 
14	0	 0	 0	 0	 1	 1	 0	 
15	0	 1	 1	 0	 0	 0	 0	 
16	0	 0	 0	 0	 1	 1	 1	 
17	1	 0	 0	 0	 0	 0	 0	 
18	1	 0	 0	 0	 0	 0	 0	 
19	0	 0	 0	 1	 0	 0	 0	 
20	1	 0	 0	 0	 0	 0	 0	 
21	0	 0	 0	 1	 0	 0	 1	 
22	1	 0	 0	 0	 0	 0	 0	 
23	0	 0	 0	 1	 0	 1	 0	 
24	1	 0	 0	 0	 0	 0	 0	 
25	0	 0	 0	 1	 0	 1	 1	 
26	1	 0	 0	 0	 0	 0	 0	 
27	0	 0	 0	 1	 1	 0	 0	 
28	1	 0	 0	 0	 0	 0	 0	 
29	0	 0	 0	 1	 1	 0	 1	 
30	1	 0	 0	 0	 0	 0	 0	 
31	0	 0	 0	 1	 1	 1	 0	 
32	1	 0	 0	 0	 0	 0	 0	 
33	0	 0	 0	 1	 1	 1	 1	 
34	1	 0	 0	 0	 0	 0	 0	 
35	0	 0	 1	 0	 0	 0	 0	 
36	1	 0	 0	 0	 0	 0	 0	 
37	0	 0	 1	 0	 0	 0	 1	 
38	1	 0	 0	 0	 0	 0	 0	 
39	0	 0	 1	 0	 0	 1	 0	 
40	1	 0	 0	 0	 0	 0	 0	 
41	0	 0	 1	 0	 0	 1	 1	 
42	0	 0	 0	 0	 0	 1	 0	 
43	0	 0	 1	 0	 1	 0	 0	 
44	0	 0	 0	 0	 0	 1	 0	 
45	0	 0	 1	 0	 1	 0	 1	 
46	0	 0	 0	 0	 0	 1	 0	 
47	0	 0	 1	 0	 1	 1	 0	 
48	0	 0	 1	 0	 1	 1	 1	 
49	0	 0	 0	 0	 0	 1	 0	 
50	0	 0	 1	 1	 0	 0	 0	 
51	0	 0	 0	 0	 0	 1	 0	 
52	0	 0	 1	 1	 0	 0	 1	 
53	0	 0	 0	 0	 0	 1	 0	 
54	0	 0	 1	 1	 0	 1	 0	 
55	0	 0	 0	 0	 0	 1	 0	 
56	0	 0	 1	 1	 0	 1	 1	 
57	0	 0	 0	 0	 0	 1	 0	 
58	0	 0	 1	 1	 1	 0	 0	 
59	0	 0	 1	 1	 1	 0	 1	 
60	0	 0	 0	 0	 0	 1	 0	 
61	0	 0	 1	 1	 1	 1	 0	 
62	0	 0	 0	 0	 0	 1	 0	 
63	0	 0	 1	 1	 1	 1	 1	 
64	0	 0	 0	 0	 0	 1	 0	 
65	0	 1	 0	 0	 0	 0	 0	 
66	0	 0	 0	 0	 0	 1	 0	 
67	0	 1	 0	 0	 0	 0	 1	 
68	0	 0	 0	 0	 0	 1	 0	 
69	0	 1	 1	 0	 0	 1	 0	 
70	0	 1	 1	 0	 0	 1	 0	 
71	0	 1	 0	 0	 0	 1	 0	 
72	0	 1	 1	 0	 0	 1	 0	 
73	0	 1	 0	 0	 0	 1	 1	 
74	0	 1	 0	 0	 1	 0	 0	 
75	0	 1	 1	 0	 0	 1	 0	 
76	0	 1	 0	 0	 1	 0	 1	 
77	0	 1	 1	 0	 0	 1	 0	 
78	0	 1	 0	 0	 1	 1	 0	 
79	0	 1	 0	 0	 1	 1	 1	 
80	0	 1	 1	 0	 0	 1	 0	 
81	0	 1	 0	 1	 0	 0	 0	 
82	0	 1	 0	 1	 0	 0	 1	 
83	0	 1	 1	 0	 0	 1	 0	 
84	0	 1	 0	 1	 0	 1	 0	 
85	0	 1	 1	 0	 0	 1	 0	 
86	0	 1	 0	 1	 0	 1	 1	 
87	0	 1	 1	 0	 0	 1	 0	 
88	0	 1	 0	 1	 1	 0	 0	 
89	0	 1	 1	 0	 0	 1	 0	 
90	0	 1	 0	 1	 1	 0	 1	 
91	0	 1	 1	 0	 0	 1	 0	 
92	0	 1	 0	 1	 1	 1	 0	 
93	0	 1	 0	 1	 1	 1	 1	 
94	0	 0	 0	 0	 0	 0	 0	 
95	0	 1	 1	 0	 0	 0	 1	 
96	0	 0	 0	 0	 0	 0	 0	 
97	0	 1	 1	 0	 0	 1	 1	 
98	0	 0	 0	 0	 0	 0	 0	 
99	0	 1	 1	 0	 1	 0	 0	 
100	0	 0	 0	 0	 0	 0	 0	 
101	0	 1	 1	 0	 1	 0	 1	 
102	0	 0	 0	 0	 0	 0	 0	 
103	0	 1	 1	 0	 1	 1	 0	 
104	0	 0	 0	 0	 0	 0	 0	 
105	0	 1	 1	 0	 1	 1	 1	 
106	0	 0	 0	 0	 0	 0	 0	 
107	0	 1	 1	 1	 0	 0	 0	 
108	0	 0	 0	 0	 0	 0	 0	 
109	0	 1	 1	 1	 0	 0	 1	 
110	0	 0	 0	 0	 0	 0	 0	 
111	0	 1	 1	 1	 0	 1	 0	 
112	0	 0	 0	 0	 0	 0	 0	 
113	0	 1	 1	 1	 0	 1	 1	 
114	0	 0	 0	 0	 0	 0	 0	 
115	0	 1	 1	 1	 1	 0	 0	 
116	0	 0	 0	 0	 0	 0	 0	 
117	0	 1	 1	 1	 1	 0	 1	 
118	0	 0	 0	 0	 0	 0	 0	 
119	0	 1	 1	 1	 1	 1	 0	 
120	0	 0	 0	 0	 0	 0	 0	 
121	0	 1	 1	 1	 1	 1	 1	 
122	0	 0	 0	 0	 0	 0	 0	 
123	1	 0	 0	 0	 0	 0	 1	 
124	0	 0	 0	 0	 0	 0	 0	 
125	1	 0	 0	 0	 0	 1	 0	 
126	0	 0	 0	 0	 0	 0	 0	 
127	1	 0	 0	 0	 0	 1	 1	 
