7.7	7.9	7.8	7.8
8	8	8	8
42.2	42	41.9	41.9
43	43	43	43
48	48	48	48
79.1	79.4	79.1	79.1
96	96	96	95.9
102	102	102	102
100.1	99.3	99.9	99.5
103	103	103	103
110	110	110	110
111	111	111	111
112	112	112	112
114	114	114	114
118.8	119.6	118.9	119.2
128	128	128	128
133.5	133.1	133.5	132.9
137.8	137.9	137.9	137.8
141	141	141	141
128.8	129.3	128.6	128.8
139.5	139.3	139.4	139.7
149	149	149	149
155	155	155	155
149.9	149.3	150	149.6
160	160	160	160
154.7	154.9	155.4	154.7
164	164	164	164
160.5	160.4	160.1	160.4
166	166	166	166
173	173	173	173
170.6	170.3	170.2	170.8
174.1	174.7	174.2	174.4
150.5	151.5	150.6	150.9
176	175.9	176	176
178	178	178	178
176.9	176.7	176.5	176.8
173.1	173.4	173.5	173.2
172.3	172.3	172.9	172.2
187.8	188	187.5	187.7
177	178.4	177.8	177.8
188.3	188.5	188.9	188.1
195	195	195	195
196	196	196	196
196.5	196.4	196.5	196
197.8	197.8	197.7	197.8
198	198	197.9	197.9
198.4	198.4	198.6	198.5
201	201	201	201
202	202	202	202
200	200.3	199.9	200.4
187.9	188.1	188.3	188.5
203	202.4	202.7	202.4
207	207	207	207
189.3	190	189	189.7
207.9	208	207.9	208
207.2	207.6	207.8	208.1
211	211	211	211
210.2	210.2	209.9	210.6
211.1	211.2	211.2	211
213	213.3	212.7	213.3
205	204.7	204.4	204.2
196.7	196.8	196.9	196.9
206.1	206.2	205.8	205.9
217	217	217	217
192.9	193	193.7	193.2
209.8	209.6	210.2	210.3
214.2	214.8	214.2	214.6
204.4	205	205.9	205.3
208.5	207.9	208.4	207.7
213.1	213.2	213	213.1
223	223	223	222.8
221.6	221.9	221.8	221.9
225	225	225	225
226	226	226	226
225.9	226	226	226
216.1	216.1	216.3	215.9
243	243	243	243
242.5	242.6	243	242.8
247	247	247	247
248.7	248.2	248.7	248.3
256.6	257	256.9	256.9
278	278	278	278
287	287	287	287
287.9	288.4	288.4	288.3
299	299	299	299
300	300	300	300
281.8	280.9	280.8	281
294.2	294.4	293.5	293.7
302.4	302.4	302.2	302.2
298.1	298.6	298.3	299
301.4	302	302.6	301.3
297.8	298.3	298.3	298.8
308	308	307.9	308
306.3	306.3	306	306.3
310	310	310	310
315	315	315	315
289.7	290.6	291.1	290.8
317	317	317	317
315.6	314.9	315.9	315.1
318	318	318	318
318.6	318.9	318.6	318.9
323.9	323.9	323.9	323.8
323.4	323.1	322.5	323.2
325	325	325	325
326.7	325.9	325.7	326.7
329	329	329	329
325.2	324.9	325.2	325.4
332	332	332	332
332.6	332.5	332.8	332.9
312.3	312.3	311.2	311.9
335	335	335	335
325.5	325.5	325.8	326.3
338.7	339	338.9	338.7
340.8	340.4	340.7	340.9
300.5	300.4	300.9	300.6
324.1	325.1	323.3	324.5
327.2	327.2	327.5	327.1
347	347	347	347
346	346	346	346
344.6	344.2	344.5	344.8
336.5	336.5	336.2	335.9
347.5	347.1	347.8	348.1
349.7	349.2	349.1	349.6
352	352	352	352
352	352	352	352
352	352	352	352
352.6	352.8	352.9	352.8
345.2	344.7	345	345.1
340.3	340.2	339.6	341.1
327.7	329.9	328	329.5
353.8	353.2	354.6	354.7
348.5	349	348.6	349.3
357	357	357	357
357.2	357.4	356.9	357
356.5	356.3	355.8	357
359	359	359.5	358.4
328.5	328	327.9	328.7
326.7	324.4	325.5	325.5
329.7	330	330	330.7
327.6	326.9	328.9	327.2
369	369	369	369
334.7	335.4	335.5	335.6
367.5	368	367.6	367.6
371	371	371	371
327.8	328.1	327.4	327.5
331.9	331.4	331	331.6
367.7	366.9	367.2	366.6
328.8	328.7	328.7	328.5
372	372	372	372
370.8	371	371.1	370.8
365.4	365.9	365.3	365.5
330.9	330.6	329.9	330.2
355.2	354.4	355.2	355.3
360.2	359.4	359.5	359.9
371.4	370.4	371.2	370.8
372.7	372.3	372.4	372.3
376	376	376	376
370.4	369.9	370.3	370.1
369.7	369.8	370.3	370.8
375.9	375.5	375.7	375.4
370.8	370.9	370.5	370.2
381	381	381	381
347	346.7	346.5	346.8
377.1	376.8	377.1	376.9
343.4	342.8	342.8	342.9
380.6	380.7	381.5	380.6
380.5	381.3	380.7	380.1
382.5	382.8	382.6	382.7
384	384	384	384
385	385	385	385
380	379.2	379.7	380.3
339	339	339	339.3
380.8	382.3	380.1	381.3
388	388	388	388
387.2	387.4	387.3	387.4
354.8	354.7	354.8	355.4
390	390	390	390
383.9	383.4	384	384.1
393	393	393	393
388.1	387.4	387.7	388
390.9	390.8	391	392.1
391.4	391.3	391.5	391.6
393.4	393.4	393.5	394.2
368.9	368.2	368.7	368.7
403	403	403	403
355.9	356	356.4	356.3
397.6	397.7	397.8	397.7
406	406	406	406
384.7	385.2	385.6	385.3
390.4	390.7	391.1	391.1
411	411	411	411
564.5	564.4	563.9	564.3
748.9	749	749	749
0	0	0	0
