7.8	7.9	7.8	7.9
8	8	8	8
39.1	39.4	39.4	39.6
39.5	39.8	39.3	39.9
43.4	43.9	43.6	43.8
68.6	68.5	68.7	68.7
85.1	84.3	83.8	84.7
90.2	90.7	90	90.1
85.2	84.3	84.9	84.6
91.1	90.5	91	91
98	98.5	97.8	97.6
99.2	99.7	98.9	98.6
98.9	98.8	99.3	98.7
101.9	101.2	101.6	101.6
104.8	104.6	104.9	104.3
110.8	111	111.3	110.9
110.6	110.6	109.7	110.8
120	119.7	119.7	119.1
124.1	124.3	123.7	124.9
109.2	110	110.5	110.2
112.6	112.9	112.7	113.5
128.1	127.5	128.2	128.5
131.8	132.1	131.1	132.1
125.1	126.2	125.5	126.4
139.6	139.4	139.9	139.7
132.9	133.6	132.9	133.7
143.4	143.2	142.8	143.1
135	136.1	136.2	136.3
142.1	142	141.8	142.3
150.9	150.8	150.6	150.9
142.3	142.8	141.9	142.9
147.4	147.9	147.6	148.5
129.4	128.9	128.8	128.6
153.1	153.3	152.9	152.3
151.6	150.5	151.6	151.2
153.6	153.6	153.1	154.1
145.1	146.2	146.3	145.1
143.9	145.1	145.4	146.6
160.5	160.2	159.8	160.5
147.5	146.6	146.1	147.9
158.8	158.1	159.2	159
167.4	167.1	167.8	167.2
171.7	171.4	172.3	171.4
164.1	164.3	164.1	163.8
169.9	170.9	169.5	169.7
168.3	168.2	167.6	168.9
168.6	168.9	168.8	168.1
173.2	174.1	173.6	174
176.6	176.9	176.9	176.3
166	165.9	166.4	166.5
160	161.1	160.5	160.9
169.2	167.9	168.8	168.7
178	177.6	177.6	177.8
156.1	156.3	156.7	155.4
177.8	177.8	178.2	176.9
168.2	168.7	168.5	168.8
181.3	180.8	180.6	180.4
175	174	174	174.9
174.7	174.6	175	174.7
174.9	174.8	175.7	175.6
173.9	173.3	173.9	173.4
167.5	167.7	167.2	167.5
175.2	175.8	175.9	175.3
187.9	187.8	187.9	188.4
167.1	166.7	168	167.6
171.2	172	171.7	170.4
180.6	179.8	180.6	180.7
169.7	169.9	167.7	169.1
177.2	176.8	177.1	176.7
184	183.7	183.6	184
189	189.1	188.4	189.1
184.5	184.6	185.1	184.7
195.4	194.9	195.5	195.4
190.3	190.2	190.6	191.5
186.4	186.5	186.5	186.5
179.1	178.5	179.6	177.1
201.7	201	201.9	202.6
197	196.5	196.7	194.6
209.8	208.4	209.4	209.4
205.4	205.2	205.4	205.4
223	222.5	221.9	223.4
248.2	248.3	248.5	248.3
256.3	257.4	256.7	257.5
255.2	254.7	255.2	255.4
274.5	275.3	274.9	275.7
275.2	276	275.1	276.3
263.1	263.3	263.3	262.9
273.1	271.6	272.7	271.8
273.2	273.2	272.7	272.8
273.4	273.5	273.5	274
277.9	278.8	278.5	278.9
275.7	276.3	276.4	276.5
282.4	282.3	282.9	282.1
276.1	275.7	276.2	275.3
287.9	287.6	288.2	288.1
294.6	294.3	294.6	294
274.3	275.2	274.5	275.4
293	293.3	292.5	292.6
295.9	295.9	295.3	295.2
295.2	295.4	295.7	295.7
295.1	295.8	295.9	295.7
299.8	299.9	299.5	299.8
300.5	300.8	301.3	301.2
306.5	306.5	306.4	307.3
301	299.8	301.3	301.1
311.7	311.5	312.4	312.3
306.1	306.5	305.6	305.9
314.1	314.4	314.3	315.1
312.3	311.7	311.7	311.6
299.4	299	299.1	298.9
319.1	318.4	318.5	318.6
294.6	293.7	295	294
320	319.1	319.1	319.5
324.3	323.9	324.1	323.8
307.3	307.4	308.4	307.3
322.2	322.3	321.3	322.1
308	308.8	309.3	308.7
331.2	331.4	330.7	331.3
329.2	328.7	328.5	329.6
329.3	329	329.5	329.2
314.8	316.1	315.6	316
332.2	332.5	332.6	332.1
334.1	334	334.1	333.8
336	335.4	335.9	335.6
338.5	338.7	339.2	338.5
338.1	337.6	338.8	337.9
338.5	338.1	338.1	338.5
312.2	310.2	312.2	311.2
329.2	329.5	328.3	328.9
324.2	322.1	323.5	323.4
335.6	336.2	336.5	336.6
325.5	324.8	325.2	325.1
343.6	343.2	343.8	343.8
344.4	344.1	344.2	344.7
342.1	341.5	342	341.3
344.1	344.4	344.1	344
317.7	317.5	317.5	317.5
331.6	330.4	329.9	331.3
328.1	328	327.4	327.7
338.2	337.4	339	338.2
356.1	356.4	356.2	355.6
321	320.3	320.9	320.7
354.6	353.8	354.9	354
355.2	355.3	355.2	355.2
323.8	324.1	324.4	323.9
334.7	334	335	334.2
359.2	358.7	358	359.2
317.7	317.8	318.3	317.8
362.6	362.7	362.3	361.9
355.8	355.6	355	356.4
356.6	356.2	357.4	356.2
338.7	340	339.7	339.6
341.2	341	341.3	340.9
335.6	335.7	336	335.3
361.5	361.4	361.6	361.1
362.5	362.6	362.4	362.8
365.6	365.2	365.1	365.5
352.8	352.8	353	352.2
358.3	357.9	358	359.3
357.7	357.9	358.3	358.1
355.4	356.1	355.3	355.8
368.7	368.6	369.2	368.7
332	332.2	331.5	331.2
365.1	364.5	364.3	363.9
345	344.8	344.9	345.2
370.3	370.5	370.6	370.9
369.3	369.4	369.5	369.6
371.3	371.4	371.6	371.7
373.2	373.3	373.8	373
376.6	376.4	375.5	376.5
362.1	362.2	362.8	362.8
324.5	324.6	325.2	324.9
373	372.8	373.2	372.2
379.9	380.4	380.2	380.9
376.5	376.2	376.4	376.2
345.2	344.8	345.8	345.2
383.6	383.6	383.9	383.9
370.6	370.6	370.9	370.8
388	387.4	387.8	387.3
383.4	383.7	384	383.6
385.1	384.7	384.7	384.3
383.8	383.7	384.2	384.2
384.2	384.7	383.7	384.3
350	350.6	349.8	350
396.1	396.7	395.9	395.7
349.1	350.6	349.1	349.5
398.2	397.8	398.1	398
401.2	401.2	401.3	401.9
385.2	385.2	385.1	386
392.2	391.5	391.9	390.9
407.3	407.5	407.4	407.6
540.3	540.1	540.6	540
749	749	749	749
0	0	0	0
