7
	1 2	3 1	1 1	1 5	1 3	2 1	1 4
0	1	 1	 0	 0	 0	 0	 0	 
1	0	 1	 1	 0	 0	 0	 0	 
2	0	 1	 1	 0	 0	 0	 0	 
3	0	 1	 1	 0	 0	 0	 0	 
4	0	 1	 1	 0	 0	 0	 0	 
5	0	 0	 0	 0	 0	 0	 0	 
6	0	 1	 1	 0	 0	 0	 0	 
7	0	 1	 1	 0	 0	 0	 0	 
8	0	 1	 1	 0	 0	 0	 0	 
9	0	 0	 0	 0	 0	 0	 1	 
10	0	 1	 1	 0	 0	 0	 0	 
11	0	 1	 1	 0	 0	 0	 0	 
12	0	 1	 1	 0	 0	 0	 0	 
13	0	 0	 0	 0	 0	 1	 0	 
14	0	 1	 1	 0	 0	 0	 0	 
15	0	 1	 1	 0	 0	 0	 0	 
16	0	 1	 1	 0	 0	 0	 0	 
17	0	 0	 0	 0	 0	 1	 1	 
18	0	 1	 1	 0	 0	 0	 0	 
19	0	 1	 1	 0	 0	 0	 0	 
20	0	 1	 1	 0	 0	 0	 0	 
21	0	 0	 0	 0	 1	 0	 0	 
22	0	 1	 1	 0	 0	 0	 0	 
23	0	 1	 1	 0	 0	 0	 0	 
24	0	 1	 1	 0	 0	 0	 0	 
25	0	 0	 0	 0	 1	 0	 1	 
26	0	 1	 1	 0	 0	 0	 0	 
27	0	 1	 1	 0	 0	 0	 0	 
28	0	 1	 1	 0	 0	 0	 0	 
29	0	 0	 0	 0	 1	 1	 0	 
30	0	 1	 1	 0	 0	 0	 0	 
31	0	 1	 1	 0	 0	 0	 0	 
32	0	 1	 1	 0	 0	 0	 0	 
33	0	 0	 0	 0	 1	 1	 1	 
34	0	 1	 1	 0	 0	 0	 0	 
35	0	 1	 1	 0	 0	 0	 0	 
36	0	 1	 1	 0	 0	 0	 0	 
37	0	 0	 0	 1	 0	 0	 0	 
38	0	 0	 0	 1	 0	 0	 1	 
39	0	 1	 1	 0	 0	 0	 0	 
40	0	 1	 1	 0	 0	 0	 0	 
41	0	 1	 1	 0	 0	 0	 0	 
42	0	 0	 0	 1	 0	 1	 0	 
43	0	 1	 1	 0	 0	 0	 0	 
44	0	 1	 1	 0	 0	 0	 0	 
45	0	 1	 1	 0	 0	 0	 0	 
46	0	 0	 0	 1	 0	 1	 1	 
47	0	 1	 1	 0	 0	 0	 0	 
48	0	 1	 1	 0	 0	 0	 0	 
49	0	 1	 1	 0	 0	 0	 0	 
50	0	 0	 0	 1	 1	 0	 0	 
51	0	 1	 1	 0	 0	 0	 0	 
52	0	 1	 1	 0	 0	 0	 0	 
53	0	 1	 1	 0	 0	 0	 0	 
54	0	 0	 0	 1	 1	 0	 1	 
55	0	 1	 1	 0	 0	 0	 0	 
56	0	 1	 1	 0	 0	 0	 0	 
57	0	 1	 1	 0	 0	 0	 0	 
58	0	 0	 0	 1	 1	 1	 0	 
59	0	 1	 1	 0	 0	 0	 0	 
60	0	 1	 1	 0	 0	 0	 0	 
61	0	 1	 1	 0	 0	 0	 0	 
62	0	 0	 0	 1	 1	 1	 1	 
63	0	 1	 1	 0	 0	 0	 0	 
64	0	 1	 1	 0	 0	 0	 0	 
65	0	 1	 1	 0	 0	 0	 0	 
66	0	 0	 1	 0	 0	 0	 0	 
67	0	 1	 1	 0	 0	 0	 0	 
68	0	 1	 1	 0	 0	 0	 0	 
69	0	 1	 1	 0	 0	 0	 0	 
70	0	 0	 1	 0	 0	 0	 1	 
71	0	 1	 1	 0	 0	 0	 0	 
72	0	 1	 1	 0	 0	 0	 0	 
73	0	 1	 1	 0	 0	 0	 0	 
74	0	 0	 1	 0	 0	 1	 0	 
75	0	 1	 1	 0	 0	 0	 0	 
76	0	 0	 1	 0	 0	 1	 1	 
77	0	 1	 1	 0	 0	 0	 0	 
78	0	 1	 1	 0	 0	 0	 0	 
79	0	 0	 1	 0	 1	 0	 0	 
80	0	 0	 0	 0	 0	 1	 0	 
81	0	 0	 0	 0	 0	 1	 0	 
82	0	 0	 0	 0	 0	 1	 0	 
83	0	 0	 1	 0	 1	 0	 1	 
84	0	 0	 0	 0	 0	 1	 0	 
85	0	 0	 0	 0	 0	 1	 0	 
86	0	 0	 0	 0	 0	 1	 0	 
87	0	 0	 1	 0	 1	 1	 0	 
88	0	 0	 0	 0	 0	 1	 0	 
89	0	 0	 0	 0	 0	 1	 0	 
90	0	 0	 0	 0	 0	 1	 0	 
91	0	 0	 1	 0	 1	 1	 1	 
92	0	 1	 1	 0	 0	 1	 0	 
93	0	 1	 1	 0	 0	 1	 0	 
94	0	 1	 1	 0	 0	 1	 0	 
95	0	 1	 1	 0	 0	 1	 0	 
96	0	 0	 1	 1	 0	 0	 0	 
97	0	 1	 1	 0	 0	 1	 0	 
98	0	 1	 1	 0	 0	 1	 0	 
99	0	 1	 1	 0	 0	 1	 0	 
100	0	 0	 1	 1	 0	 0	 1	 
101	0	 1	 1	 0	 0	 1	 0	 
102	0	 1	 1	 0	 0	 1	 0	 
103	0	 1	 1	 0	 0	 1	 0	 
104	0	 0	 1	 1	 0	 1	 0	 
105	0	 1	 1	 0	 0	 1	 0	 
106	0	 1	 1	 0	 0	 1	 0	 
107	0	 1	 1	 0	 0	 1	 0	 
108	0	 0	 1	 1	 0	 1	 1	 
109	0	 1	 1	 0	 0	 1	 0	 
110	0	 1	 1	 0	 0	 1	 0	 
111	0	 1	 1	 0	 0	 1	 0	 
112	0	 0	 1	 1	 1	 0	 0	 
113	0	 1	 1	 0	 0	 1	 0	 
114	0	 1	 1	 0	 0	 1	 0	 
115	0	 1	 1	 0	 0	 1	 0	 
116	0	 0	 1	 1	 1	 0	 1	 
117	0	 0	 1	 1	 1	 1	 0	 
118	0	 1	 1	 0	 0	 1	 0	 
119	0	 1	 1	 0	 0	 1	 0	 
120	0	 1	 1	 0	 0	 1	 0	 
121	0	 0	 1	 1	 1	 1	 1	 
122	0	 1	 0	 0	 0	 0	 0	 
123	0	 1	 1	 0	 0	 1	 0	 
124	0	 1	 1	 0	 0	 1	 0	 
125	0	 1	 1	 0	 0	 1	 0	 
126	0	 1	 1	 0	 1	 1	 0	 
127	0	 1	 1	 0	 1	 1	 0	 
128	0	 1	 1	 0	 1	 1	 0	 
129	0	 1	 1	 0	 1	 1	 0	 
130	0	 1	 0	 0	 0	 0	 1	 
131	0	 1	 1	 0	 1	 1	 0	 
132	0	 1	 1	 0	 1	 1	 0	 
133	0	 1	 1	 0	 1	 1	 0	 
134	0	 1	 0	 0	 0	 1	 0	 
135	0	 1	 1	 0	 1	 1	 0	 
136	0	 1	 1	 0	 1	 1	 0	 
137	0	 1	 1	 0	 1	 1	 0	 
138	0	 1	 0	 0	 0	 1	 1	 
139	0	 1	 1	 0	 1	 1	 0	 
140	0	 1	 1	 0	 1	 1	 0	 
141	0	 1	 1	 0	 1	 1	 0	 
142	0	 1	 0	 0	 1	 0	 0	 
143	0	 1	 1	 0	 1	 1	 0	 
144	0	 1	 1	 0	 1	 1	 0	 
145	0	 1	 1	 0	 1	 1	 0	 
146	0	 1	 0	 0	 1	 0	 1	 
147	0	 1	 1	 0	 1	 1	 0	 
148	0	 1	 1	 0	 1	 1	 0	 
149	0	 1	 1	 0	 1	 1	 0	 
150	0	 1	 0	 0	 1	 1	 0	 
151	0	 1	 1	 0	 1	 1	 0	 
152	0	 1	 1	 0	 1	 1	 0	 
153	0	 1	 1	 0	 1	 1	 0	 
154	0	 1	 0	 0	 1	 1	 1	 
155	0	 1	 1	 0	 1	 1	 0	 
156	0	 1	 1	 0	 1	 1	 0	 
157	0	 1	 1	 0	 1	 1	 0	 
158	0	 1	 0	 1	 0	 0	 0	 
159	0	 1	 1	 0	 1	 1	 0	 
160	0	 1	 1	 0	 1	 1	 0	 
161	0	 1	 1	 0	 1	 1	 0	 
162	0	 1	 0	 1	 0	 0	 1	 
163	0	 1	 1	 0	 1	 1	 0	 
164	0	 1	 1	 0	 1	 1	 0	 
165	0	 1	 1	 0	 1	 1	 0	 
166	0	 1	 0	 1	 0	 1	 0	 
167	0	 1	 1	 0	 1	 1	 0	 
168	0	 1	 1	 0	 1	 1	 0	 
169	0	 1	 1	 0	 1	 1	 0	 
170	0	 1	 0	 1	 0	 1	 1	 
171	0	 1	 1	 1	 0	 1	 0	 
172	0	 1	 1	 1	 0	 1	 0	 
173	0	 1	 1	 1	 0	 1	 0	 
174	0	 1	 1	 1	 0	 1	 0	 
175	0	 1	 0	 1	 1	 0	 0	 
176	0	 1	 1	 1	 0	 1	 0	 
177	0	 1	 1	 1	 0	 1	 0	 
178	0	 1	 0	 1	 1	 0	 1	 
179	0	 0	 0	 0	 0	 0	 0	 
180	0	 0	 0	 0	 0	 0	 0	 
181	0	 0	 0	 0	 0	 0	 0	 
182	0	 1	 0	 1	 1	 1	 0	 
183	0	 0	 0	 0	 0	 0	 0	 
184	0	 0	 0	 0	 0	 0	 0	 
185	0	 0	 0	 0	 0	 0	 0	 
186	0	 1	 0	 1	 1	 1	 1	 
187	0	 0	 0	 0	 0	 0	 0	 
188	0	 0	 0	 0	 0	 0	 0	 
189	0	 0	 0	 0	 0	 0	 0	 
190	0	 1	 1	 0	 0	 0	 1	 
191	0	 0	 0	 0	 0	 0	 0	 
192	0	 0	 0	 0	 0	 0	 0	 
193	0	 0	 0	 0	 0	 0	 0	 
194	0	 1	 1	 0	 0	 1	 1	 
195	0	 0	 0	 0	 0	 0	 0	 
196	0	 0	 0	 0	 0	 0	 0	 
197	0	 0	 0	 0	 0	 0	 0	 
198	0	 1	 1	 0	 1	 0	 0	 
199	0	 0	 0	 0	 0	 0	 0	 
200	0	 0	 0	 0	 0	 0	 0	 
201	0	 0	 0	 0	 0	 0	 0	 
202	0	 1	 1	 0	 1	 0	 1	 
203	0	 0	 0	 0	 0	 0	 0	 
204	0	 0	 0	 0	 0	 0	 0	 
205	0	 0	 0	 0	 0	 0	 0	 
206	0	 1	 1	 0	 1	 1	 1	 
207	0	 0	 0	 0	 0	 0	 0	 
208	0	 0	 0	 0	 0	 0	 0	 
209	0	 0	 0	 0	 0	 0	 0	 
210	0	 1	 1	 1	 0	 0	 0	 
211	0	 0	 0	 0	 0	 0	 0	 
212	0	 0	 0	 0	 0	 0	 0	 
213	0	 0	 0	 0	 0	 0	 0	 
214	0	 1	 1	 1	 0	 0	 1	 
215	0	 0	 0	 0	 0	 0	 0	 
216	0	 0	 0	 0	 0	 0	 0	 
217	0	 0	 0	 0	 0	 0	 0	 
218	0	 1	 1	 1	 0	 1	 1	 
219	0	 0	 0	 0	 0	 0	 0	 
220	0	 0	 0	 0	 0	 0	 0	 
221	0	 0	 0	 0	 0	 0	 0	 
222	0	 1	 1	 1	 1	 0	 0	 
223	0	 0	 0	 0	 0	 0	 0	 
224	0	 0	 0	 0	 0	 0	 0	 
225	0	 0	 0	 0	 0	 0	 0	 
226	0	 1	 1	 1	 1	 0	 1	 
227	0	 0	 0	 0	 0	 0	 0	 
228	0	 0	 0	 0	 0	 0	 0	 
229	0	 0	 0	 0	 0	 0	 0	 
230	0	 1	 1	 1	 1	 1	 0	 
231	0	 0	 0	 0	 0	 0	 0	 
232	0	 0	 0	 0	 0	 0	 0	 
233	0	 0	 0	 0	 0	 0	 0	 
234	0	 1	 1	 1	 1	 1	 1	 
235	0	 0	 0	 0	 0	 0	 0	 
236	0	 0	 0	 0	 0	 0	 0	 
237	0	 0	 0	 0	 0	 0	 0	 
238	1	 0	 0	 0	 0	 0	 0	 
239	0	 0	 0	 0	 0	 0	 0	 
240	0	 0	 0	 0	 0	 0	 0	 
241	0	 0	 0	 0	 0	 0	 0	 
242	1	 0	 0	 0	 0	 0	 1	 
243	0	 0	 0	 0	 0	 0	 0	 
244	0	 0	 0	 0	 0	 0	 0	 
245	0	 0	 0	 0	 0	 0	 0	 
246	1	 0	 0	 0	 0	 1	 0	 
247	0	 0	 0	 0	 0	 0	 0	 
248	0	 0	 0	 0	 0	 0	 0	 
249	0	 0	 0	 0	 0	 0	 0	 
250	1	 0	 0	 0	 0	 1	 1	 
251	0	 0	 0	 0	 0	 0	 0	 
252	0	 0	 0	 0	 0	 0	 0	 
253	0	 0	 0	 0	 0	 0	 0	 
254	1	 0	 0	 0	 1	 0	 0	 
255	0	 0	 0	 0	 0	 0	 0	 
256	0	 0	 0	 0	 0	 0	 0	 
257	0	 0	 0	 0	 0	 0	 0	 
258	1	 0	 0	 0	 1	 0	 1	 
259	0	 0	 0	 0	 0	 0	 0	 
260	0	 0	 0	 0	 0	 0	 0	 
261	0	 0	 0	 0	 0	 0	 0	 
262	1	 0	 0	 0	 1	 1	 0	 
263	0	 0	 0	 0	 0	 0	 0	 
264	0	 0	 0	 0	 0	 0	 0	 
265	0	 0	 0	 0	 0	 0	 0	 
266	1	 0	 0	 0	 1	 1	 1	 
267	0	 0	 0	 0	 0	 0	 0	 
268	0	 0	 0	 0	 0	 0	 0	 
269	0	 0	 0	 0	 0	 0	 0	 
270	1	 0	 0	 1	 0	 0	 0	 
271	0	 0	 0	 0	 0	 0	 0	 
272	0	 0	 0	 0	 0	 0	 0	 
273	0	 0	 0	 0	 0	 0	 0	 
274	1	 0	 0	 1	 0	 0	 1	 
275	0	 0	 0	 0	 0	 0	 0	 
276	0	 0	 0	 0	 0	 0	 0	 
277	0	 0	 0	 0	 0	 0	 0	 
278	1	 0	 0	 1	 0	 1	 0	 
279	0	 0	 0	 0	 0	 0	 0	 
280	0	 0	 0	 0	 0	 0	 0	 
281	0	 0	 0	 0	 0	 0	 0	 
282	1	 0	 0	 1	 0	 1	 1	 
283	0	 0	 0	 0	 0	 0	 0	 
284	0	 0	 0	 0	 0	 0	 0	 
285	0	 0	 0	 0	 0	 0	 0	 
286	1	 0	 0	 1	 1	 0	 0	 
287	0	 0	 0	 0	 0	 0	 0	 
288	0	 0	 0	 0	 0	 0	 0	 
289	0	 0	 0	 0	 0	 0	 0	 
290	1	 0	 0	 1	 1	 0	 1	 
291	0	 0	 0	 0	 0	 0	 0	 
292	0	 0	 0	 0	 0	 0	 0	 
293	0	 0	 0	 0	 0	 0	 0	 
294	1	 0	 0	 1	 1	 1	 0	 
295	0	 0	 0	 0	 0	 0	 0	 
296	0	 0	 0	 0	 0	 0	 0	 
297	0	 0	 0	 0	 0	 0	 0	 
298	1	 0	 0	 1	 1	 1	 1	 
299	0	 0	 0	 0	 0	 0	 0	 
300	0	 0	 0	 0	 0	 0	 0	 
301	0	 0	 0	 0	 0	 0	 0	 
302	1	 0	 1	 0	 0	 0	 0	 
303	1	 0	 1	 0	 0	 0	 1	 
304	0	 0	 0	 0	 0	 0	 0	 
305	0	 0	 0	 0	 0	 0	 0	 
306	0	 0	 0	 0	 0	 0	 0	 
307	1	 0	 1	 0	 0	 1	 0	 
308	0	 0	 0	 0	 0	 0	 0	 
309	0	 0	 0	 0	 0	 0	 0	 
310	0	 0	 0	 0	 0	 0	 0	 
311	1	 0	 1	 0	 0	 1	 1	 
312	0	 0	 0	 0	 0	 0	 0	 
313	0	 0	 0	 0	 0	 0	 0	 
314	0	 0	 0	 0	 0	 0	 0	 
315	1	 0	 1	 0	 1	 0	 0	 
316	0	 0	 0	 0	 0	 0	 0	 
317	0	 0	 0	 0	 0	 0	 0	 
318	0	 0	 0	 0	 0	 0	 0	 
319	1	 0	 1	 0	 1	 0	 1	 
320	0	 0	 0	 0	 0	 0	 0	 
321	1	 0	 1	 0	 1	 1	 0	 
322	0	 0	 0	 0	 0	 0	 0	 
323	0	 0	 0	 0	 0	 0	 0	 
324	0	 0	 0	 0	 0	 0	 0	 
325	1	 0	 1	 0	 1	 1	 1	 
326	0	 0	 0	 0	 0	 0	 0	 
327	1	 0	 1	 1	 0	 0	 0	 
328	0	 1	 1	 0	 0	 0	 0	 
329	0	 1	 1	 0	 0	 0	 0	 
330	0	 1	 1	 0	 0	 0	 0	 
331	1	 0	 1	 1	 0	 0	 1	 
332	0	 1	 1	 0	 0	 0	 0	 
333	0	 1	 1	 0	 0	 0	 0	 
334	0	 1	 1	 0	 0	 0	 0	 
335	1	 0	 1	 1	 0	 1	 0	 
336	0	 1	 1	 0	 0	 0	 0	 
337	0	 1	 1	 0	 0	 0	 0	 
338	0	 1	 1	 0	 0	 0	 0	 
339	1	 0	 1	 1	 0	 1	 1	 
340	0	 1	 1	 0	 0	 0	 0	 
341	0	 1	 1	 0	 0	 0	 0	 
342	0	 1	 1	 0	 0	 0	 0	 
343	1	 0	 1	 1	 1	 0	 0	 
344	0	 1	 1	 1	 0	 0	 0	 
345	0	 1	 1	 1	 0	 0	 0	 
346	0	 1	 1	 1	 0	 0	 0	 
347	1	 0	 1	 1	 1	 0	 1	 
348	0	 1	 1	 1	 0	 0	 0	 
349	0	 1	 1	 1	 0	 0	 0	 
350	0	 1	 1	 1	 0	 0	 0	 
351	1	 0	 1	 1	 1	 1	 0	 
352	0	 1	 1	 1	 0	 0	 0	 
