7
	1 2	3 1	1 1	1 5	1 3	2 1	1 4
0	1	 1	 0	 0	 0	 0	 0	 
1	1	 1	 0	 0	 0	 0	 0	 
2	1	 1	 0	 0	 0	 0	 0	 
3	1	 1	 0	 0	 0	 0	 0	 
4	0	 0	 0	 0	 0	 0	 0	 
5	1	 1	 0	 0	 0	 0	 0	 
6	0	 0	 0	 0	 0	 0	 1	 
7	1	 1	 0	 0	 0	 0	 0	 
8	1	 1	 0	 0	 0	 0	 0	 
9	1	 1	 0	 0	 0	 0	 0	 
10	0	 0	 0	 0	 0	 1	 0	 
11	1	 1	 0	 0	 0	 0	 0	 
12	1	 1	 0	 0	 0	 0	 0	 
13	1	 1	 0	 0	 0	 0	 0	 
14	0	 0	 0	 0	 0	 1	 1	 
15	1	 1	 0	 0	 0	 0	 0	 
16	1	 1	 0	 0	 0	 0	 0	 
17	1	 1	 0	 0	 0	 0	 0	 
18	0	 0	 0	 0	 1	 0	 0	 
19	0	 0	 0	 0	 1	 0	 1	 
20	0	 1	 1	 0	 0	 0	 0	 
21	0	 1	 1	 0	 0	 0	 0	 
22	0	 1	 1	 0	 0	 0	 0	 
23	0	 1	 1	 0	 0	 0	 0	 
24	0	 0	 0	 0	 1	 1	 0	 
25	0	 1	 1	 0	 0	 0	 0	 
26	0	 1	 1	 0	 0	 0	 0	 
27	0	 1	 1	 0	 0	 0	 0	 
28	0	 0	 0	 0	 1	 1	 1	 
29	0	 1	 1	 0	 0	 0	 0	 
30	0	 1	 1	 0	 0	 0	 0	 
31	0	 1	 1	 0	 0	 0	 0	 
32	0	 0	 0	 1	 0	 0	 0	 
33	0	 1	 1	 0	 0	 0	 0	 
34	0	 1	 1	 0	 0	 0	 0	 
35	1	 0	 0	 0	 0	 0	 0	 
36	0	 0	 0	 1	 0	 0	 1	 
37	1	 0	 0	 0	 0	 0	 0	 
38	1	 0	 0	 0	 0	 0	 0	 
39	0	 0	 0	 1	 0	 1	 0	 
40	0	 0	 0	 1	 0	 1	 1	 
41	1	 0	 0	 0	 0	 0	 0	 
42	1	 0	 0	 0	 0	 0	 0	 
43	1	 0	 0	 0	 0	 0	 0	 
44	0	 0	 0	 1	 1	 0	 0	 
45	1	 0	 0	 0	 0	 0	 0	 
46	0	 0	 0	 1	 1	 0	 1	 
47	0	 0	 0	 0	 0	 1	 0	 
48	0	 0	 0	 0	 0	 1	 0	 
49	0	 0	 0	 0	 0	 1	 0	 
50	0	 0	 0	 1	 1	 1	 0	 
51	0	 0	 0	 0	 0	 1	 0	 
52	0	 0	 0	 0	 0	 1	 0	 
53	0	 0	 0	 0	 0	 1	 0	 
54	0	 0	 0	 1	 1	 1	 1	 
55	0	 0	 0	 0	 0	 1	 0	 
56	0	 0	 0	 0	 0	 1	 0	 
57	0	 0	 0	 0	 0	 1	 0	 
58	0	 0	 1	 0	 0	 0	 0	 
59	0	 0	 0	 0	 0	 1	 0	 
60	0	 0	 0	 0	 0	 1	 0	 
61	0	 0	 0	 0	 0	 1	 0	 
62	0	 0	 1	 0	 0	 0	 1	 
63	0	 0	 0	 0	 0	 1	 0	 
64	0	 0	 0	 0	 0	 1	 0	 
65	0	 0	 0	 0	 0	 1	 0	 
66	0	 0	 1	 0	 0	 1	 0	 
67	0	 0	 0	 0	 0	 1	 0	 
68	0	 0	 0	 0	 0	 1	 0	 
69	0	 0	 0	 0	 0	 1	 0	 
70	0	 0	 1	 0	 0	 1	 1	 
71	0	 0	 0	 0	 0	 1	 0	 
72	0	 0	 0	 0	 0	 1	 0	 
73	0	 0	 0	 0	 0	 1	 0	 
74	0	 0	 1	 0	 1	 0	 0	 
75	0	 0	 0	 0	 0	 1	 0	 
76	0	 0	 0	 0	 0	 1	 0	 
77	0	 0	 0	 0	 0	 1	 0	 
78	0	 0	 1	 0	 1	 0	 1	 
79	0	 0	 0	 0	 0	 1	 0	 
80	0	 0	 0	 0	 0	 1	 0	 
81	0	 0	 0	 0	 0	 1	 0	 
82	0	 0	 1	 0	 1	 1	 0	 
83	0	 0	 0	 0	 0	 1	 0	 
84	0	 0	 0	 0	 0	 1	 0	 
85	0	 0	 0	 0	 0	 1	 0	 
86	0	 0	 1	 0	 1	 1	 1	 
87	0	 0	 0	 0	 0	 1	 0	 
88	0	 0	 0	 0	 0	 1	 0	 
89	0	 0	 0	 0	 0	 1	 0	 
90	0	 0	 1	 1	 0	 0	 0	 
91	0	 0	 0	 0	 0	 1	 0	 
92	0	 0	 0	 0	 0	 1	 0	 
93	0	 0	 0	 0	 0	 1	 0	 
94	0	 0	 1	 1	 0	 0	 1	 
95	0	 0	 0	 0	 0	 1	 0	 
96	0	 0	 0	 0	 0	 1	 0	 
97	0	 0	 0	 0	 0	 1	 0	 
98	0	 0	 1	 1	 0	 1	 0	 
99	0	 0	 0	 0	 0	 1	 0	 
100	0	 0	 0	 0	 0	 1	 0	 
101	0	 0	 0	 0	 0	 1	 0	 
102	0	 0	 1	 1	 0	 1	 1	 
103	0	 0	 0	 0	 0	 1	 0	 
104	0	 0	 0	 0	 0	 1	 0	 
105	0	 0	 0	 0	 0	 1	 0	 
106	0	 0	 1	 1	 1	 0	 0	 
107	0	 0	 0	 0	 0	 1	 0	 
108	0	 1	 1	 0	 0	 1	 0	 
109	0	 1	 1	 0	 0	 1	 0	 
110	0	 1	 1	 0	 0	 1	 0	 
111	0	 1	 1	 0	 0	 1	 0	 
112	0	 0	 1	 1	 1	 0	 1	 
113	0	 1	 1	 0	 0	 1	 0	 
114	0	 1	 1	 0	 0	 1	 0	 
115	0	 1	 1	 0	 0	 1	 0	 
116	0	 0	 1	 1	 1	 1	 0	 
117	0	 1	 1	 0	 0	 1	 0	 
118	0	 0	 1	 1	 1	 1	 1	 
119	0	 0	 0	 0	 0	 0	 0	 
120	0	 0	 0	 0	 0	 0	 0	 
121	0	 0	 0	 0	 0	 0	 0	 
122	0	 1	 0	 0	 0	 0	 0	 
123	0	 0	 0	 0	 0	 0	 0	 
124	0	 0	 0	 0	 0	 0	 0	 
125	0	 1	 0	 0	 0	 0	 1	 
126	0	 0	 0	 0	 0	 0	 0	 
127	0	 0	 0	 0	 0	 0	 0	 
128	0	 0	 0	 0	 0	 0	 0	 
129	0	 1	 0	 0	 0	 1	 0	 
130	0	 0	 0	 0	 0	 0	 0	 
131	0	 0	 0	 0	 0	 0	 0	 
132	0	 0	 0	 0	 0	 0	 0	 
133	0	 1	 0	 0	 0	 1	 1	 
134	0	 0	 0	 0	 0	 0	 0	 
135	0	 1	 0	 0	 1	 0	 0	 
136	0	 0	 0	 0	 0	 0	 0	 
137	0	 0	 0	 0	 0	 0	 0	 
138	0	 0	 0	 0	 0	 0	 0	 
139	0	 1	 0	 0	 1	 0	 1	 
140	0	 1	 0	 0	 1	 1	 0	 
141	0	 0	 0	 0	 0	 0	 0	 
142	0	 0	 0	 0	 0	 0	 0	 
143	0	 0	 0	 0	 0	 0	 0	 
144	0	 1	 0	 0	 1	 1	 1	 
145	0	 0	 0	 0	 0	 0	 0	 
146	0	 0	 0	 0	 0	 0	 0	 
147	0	 0	 0	 0	 0	 0	 0	 
148	0	 1	 0	 1	 0	 0	 0	 
149	0	 0	 0	 0	 0	 0	 0	 
150	0	 0	 0	 0	 0	 0	 0	 
151	0	 0	 0	 0	 0	 0	 0	 
152	0	 1	 0	 1	 0	 0	 1	 
153	0	 0	 0	 0	 0	 0	 0	 
154	0	 0	 0	 0	 0	 0	 0	 
155	0	 0	 0	 0	 0	 0	 0	 
156	0	 1	 0	 1	 0	 1	 0	 
157	0	 1	 0	 1	 0	 1	 1	 
158	0	 1	 0	 1	 1	 0	 0	 
159	0	 0	 0	 0	 0	 0	 0	 
160	0	 0	 0	 0	 0	 0	 0	 
161	0	 0	 0	 0	 0	 0	 0	 
162	0	 1	 0	 1	 1	 0	 1	 
163	0	 0	 0	 0	 0	 0	 0	 
164	0	 0	 0	 0	 0	 0	 0	 
165	0	 0	 0	 0	 0	 0	 0	 
166	0	 1	 0	 1	 1	 1	 0	 
167	0	 0	 0	 0	 0	 0	 0	 
168	0	 0	 0	 0	 0	 0	 0	 
169	0	 0	 0	 0	 0	 0	 0	 
170	0	 1	 0	 1	 1	 1	 1	 
171	0	 0	 0	 0	 0	 0	 0	 
172	0	 0	 0	 0	 0	 0	 0	 
173	0	 0	 0	 0	 0	 0	 0	 
174	0	 1	 1	 0	 0	 0	 1	 
175	0	 0	 0	 0	 0	 0	 0	 
