7
	1 2	3 1	1 1	1 5	1 3	2 1	1 4
0	1	 1	 0	 0	 0	 0	 0	 
1	0	 0	 0	 0	 0	 0	 0	 
2	1	 1	 0	 0	 0	 0	 0	 
3	1	 1	 0	 0	 0	 0	 0	 
4	1	 1	 0	 0	 0	 0	 0	 
5	0	 0	 0	 0	 0	 0	 1	 
6	1	 1	 0	 0	 0	 0	 0	 
7	1	 1	 0	 0	 0	 0	 0	 
8	1	 1	 0	 0	 0	 0	 0	 
9	0	 0	 0	 0	 0	 1	 0	 
10	1	 1	 0	 0	 0	 0	 0	 
11	1	 1	 0	 0	 0	 0	 0	 
12	1	 1	 0	 0	 0	 0	 0	 
13	0	 0	 0	 0	 0	 1	 1	 
14	1	 1	 0	 0	 0	 0	 0	 
15	1	 1	 0	 0	 0	 0	 0	 
16	1	 1	 0	 0	 0	 0	 0	 
17	0	 0	 0	 0	 1	 0	 0	 
18	1	 1	 0	 0	 0	 0	 0	 
19	1	 1	 0	 0	 0	 0	 0	 
20	1	 1	 0	 0	 0	 0	 0	 
21	0	 0	 0	 0	 1	 0	 1	 
22	1	 1	 0	 0	 0	 0	 0	 
23	1	 1	 0	 0	 0	 0	 0	 
24	1	 1	 0	 0	 0	 0	 0	 
25	0	 0	 0	 0	 1	 1	 0	 
26	1	 1	 0	 0	 0	 0	 0	 
27	1	 1	 0	 0	 0	 0	 0	 
28	1	 1	 0	 0	 0	 0	 0	 
29	0	 0	 0	 0	 1	 1	 1	 
30	1	 1	 0	 0	 0	 0	 0	 
31	1	 1	 0	 0	 0	 0	 0	 
32	1	 1	 0	 0	 0	 0	 0	 
33	0	 0	 0	 1	 0	 0	 0	 
34	1	 1	 0	 0	 0	 0	 0	 
35	1	 1	 0	 0	 0	 0	 0	 
36	1	 1	 0	 0	 0	 0	 0	 
37	0	 0	 0	 1	 0	 0	 1	 
38	1	 1	 0	 0	 0	 0	 0	 
39	1	 1	 0	 0	 0	 0	 0	 
40	1	 1	 0	 0	 0	 0	 0	 
41	0	 0	 0	 1	 0	 1	 0	 
42	1	 1	 0	 0	 0	 0	 0	 
43	1	 1	 0	 0	 0	 0	 0	 
44	1	 1	 0	 0	 0	 0	 0	 
45	0	 1	 1	 0	 0	 0	 0	 
46	0	 1	 1	 0	 0	 0	 0	 
47	0	 1	 1	 0	 0	 0	 0	 
48	0	 1	 1	 0	 0	 0	 0	 
49	0	 0	 0	 1	 0	 1	 1	 
50	0	 1	 1	 0	 0	 0	 0	 
51	0	 1	 1	 0	 0	 0	 0	 
52	0	 1	 1	 0	 0	 0	 0	 
53	0	 0	 0	 1	 1	 0	 0	 
54	0	 1	 1	 0	 0	 0	 0	 
55	0	 1	 1	 0	 0	 0	 0	 
56	0	 1	 1	 0	 0	 0	 0	 
57	0	 0	 0	 1	 1	 0	 1	 
58	0	 1	 1	 0	 0	 0	 0	 
59	0	 1	 1	 0	 0	 0	 0	 
60	0	 1	 1	 0	 0	 0	 0	 
61	0	 0	 0	 1	 1	 1	 0	 
62	0	 1	 1	 0	 0	 0	 0	 
63	0	 1	 1	 0	 0	 0	 0	 
64	0	 1	 1	 0	 0	 0	 0	 
65	0	 0	 0	 1	 1	 1	 1	 
66	0	 0	 1	 0	 0	 0	 0	 
67	0	 1	 1	 0	 0	 0	 0	 
68	0	 1	 1	 0	 0	 0	 0	 
69	0	 1	 1	 0	 0	 0	 0	 
70	0	 0	 1	 0	 0	 0	 1	 
71	0	 1	 1	 0	 0	 0	 0	 
72	0	 1	 1	 0	 0	 0	 0	 
73	0	 1	 1	 0	 0	 0	 0	 
74	0	 0	 1	 0	 0	 1	 0	 
75	0	 1	 1	 0	 0	 0	 0	 
76	0	 1	 1	 0	 0	 0	 0	 
77	0	 1	 1	 0	 0	 0	 0	 
78	0	 0	 1	 0	 0	 1	 1	 
79	0	 0	 1	 0	 1	 0	 0	 
80	0	 0	 0	 0	 0	 1	 0	 
81	0	 0	 0	 0	 0	 1	 0	 
82	0	 0	 0	 0	 0	 1	 0	 
83	0	 0	 1	 0	 1	 0	 1	 
84	0	 0	 0	 0	 0	 1	 0	 
85	0	 0	 0	 0	 0	 1	 0	 
86	0	 0	 0	 0	 0	 1	 0	 
87	0	 0	 1	 0	 1	 1	 0	 
88	0	 0	 0	 0	 0	 1	 0	 
89	0	 0	 0	 0	 0	 1	 0	 
90	0	 0	 0	 0	 0	 1	 0	 
91	0	 0	 1	 0	 1	 1	 1	 
92	0	 0	 0	 0	 0	 1	 0	 
93	0	 0	 0	 0	 0	 1	 0	 
94	0	 0	 0	 0	 0	 1	 0	 
95	0	 0	 1	 1	 0	 0	 0	 
96	0	 0	 0	 0	 0	 1	 0	 
97	0	 0	 0	 0	 0	 1	 0	 
98	0	 0	 0	 0	 0	 1	 0	 
99	0	 0	 1	 1	 0	 0	 1	 
100	0	 0	 0	 0	 0	 1	 0	 
101	0	 0	 0	 0	 0	 1	 0	 
102	0	 0	 0	 0	 0	 1	 0	 
103	0	 0	 1	 1	 0	 1	 0	 
104	0	 0	 1	 1	 0	 1	 1	 
105	0	 0	 0	 0	 0	 1	 0	 
106	0	 0	 1	 1	 1	 0	 0	 
107	0	 0	 0	 0	 0	 1	 0	 
108	0	 0	 0	 0	 0	 1	 0	 
109	0	 0	 0	 0	 0	 1	 0	 
110	0	 0	 1	 1	 1	 0	 1	 
111	0	 0	 0	 0	 0	 1	 0	 
112	0	 0	 0	 0	 0	 1	 0	 
113	0	 0	 0	 0	 0	 1	 0	 
114	0	 0	 1	 1	 1	 1	 0	 
115	0	 0	 0	 0	 0	 1	 0	 
116	0	 0	 0	 0	 0	 1	 0	 
117	0	 0	 0	 0	 0	 1	 0	 
118	0	 0	 1	 1	 1	 1	 1	 
119	0	 0	 0	 0	 0	 1	 0	 
120	0	 0	 0	 0	 0	 1	 0	 
121	0	 0	 0	 0	 0	 1	 0	 
122	0	 1	 0	 0	 0	 0	 0	 
123	0	 1	 1	 0	 0	 1	 0	 
124	0	 1	 1	 0	 0	 1	 0	 
125	0	 1	 1	 0	 0	 1	 0	 
126	0	 1	 1	 0	 0	 1	 0	 
127	0	 1	 0	 0	 0	 0	 1	 
128	0	 1	 1	 0	 0	 1	 0	 
129	0	 1	 1	 0	 0	 1	 0	 
130	0	 1	 1	 0	 0	 1	 0	 
131	0	 1	 0	 0	 0	 1	 0	 
132	0	 1	 1	 0	 0	 1	 0	 
133	0	 1	 1	 0	 0	 1	 0	 
134	0	 1	 1	 0	 0	 1	 0	 
135	0	 1	 0	 0	 0	 1	 1	 
136	0	 1	 1	 0	 0	 1	 0	 
137	0	 1	 1	 0	 0	 1	 0	 
138	0	 1	 1	 0	 0	 1	 0	 
139	0	 1	 0	 0	 1	 0	 0	 
140	0	 1	 1	 0	 0	 1	 0	 
141	0	 1	 1	 0	 0	 1	 0	 
142	0	 1	 1	 0	 0	 1	 0	 
143	0	 1	 0	 0	 1	 0	 1	 
144	0	 1	 1	 0	 0	 1	 0	 
145	0	 1	 1	 0	 0	 1	 0	 
146	0	 1	 1	 0	 0	 1	 0	 
147	0	 1	 0	 0	 1	 1	 0	 
148	0	 1	 1	 0	 0	 1	 0	 
149	0	 1	 1	 0	 0	 1	 0	 
150	0	 1	 1	 0	 0	 1	 0	 
151	0	 1	 0	 0	 1	 1	 1	 
152	0	 1	 1	 0	 0	 1	 0	 
153	0	 1	 1	 0	 0	 1	 0	 
154	0	 1	 1	 0	 0	 1	 0	 
155	0	 1	 0	 1	 0	 0	 0	 
156	0	 1	 1	 0	 0	 1	 0	 
157	0	 1	 1	 0	 0	 1	 0	 
158	0	 1	 1	 0	 0	 1	 0	 
159	0	 1	 0	 1	 0	 0	 1	 
160	0	 1	 0	 1	 0	 1	 0	 
161	0	 1	 1	 0	 0	 1	 0	 
162	0	 1	 1	 0	 0	 1	 0	 
163	0	 1	 1	 0	 0	 1	 0	 
164	0	 1	 0	 1	 0	 1	 1	 
165	0	 1	 1	 0	 0	 1	 0	 
166	0	 1	 1	 0	 0	 1	 0	 
167	0	 1	 1	 0	 0	 1	 0	 
168	0	 1	 0	 1	 1	 0	 0	 
169	0	 1	 1	 0	 0	 1	 0	 
170	0	 1	 1	 0	 0	 1	 0	 
171	0	 1	 1	 0	 0	 1	 0	 
172	0	 1	 0	 1	 1	 0	 1	 
173	0	 1	 1	 0	 0	 1	 0	 
174	0	 1	 1	 0	 0	 1	 0	 
175	0	 1	 0	 1	 1	 1	 0	 
176	0	 1	 1	 0	 1	 1	 0	 
177	0	 1	 1	 0	 1	 1	 0	 
178	0	 1	 1	 0	 1	 1	 0	 
179	0	 1	 0	 1	 1	 1	 1	 
180	0	 1	 1	 0	 1	 1	 0	 
181	0	 1	 1	 0	 1	 1	 0	 
182	0	 1	 1	 0	 1	 1	 0	 
183	0	 1	 1	 0	 0	 0	 1	 
184	0	 1	 1	 0	 1	 1	 0	 
185	0	 1	 1	 0	 1	 1	 0	 
186	0	 1	 1	 0	 1	 1	 0	 
187	0	 1	 1	 0	 0	 1	 1	 
188	0	 1	 1	 0	 1	 1	 0	 
189	0	 1	 1	 0	 1	 1	 0	 
190	0	 1	 1	 0	 1	 1	 0	 
191	0	 1	 1	 0	 1	 0	 0	 
192	0	 1	 1	 0	 1	 1	 0	 
193	0	 1	 1	 0	 1	 1	 0	 
194	0	 1	 1	 0	 1	 1	 0	 
195	0	 1	 1	 0	 1	 0	 1	 
196	0	 1	 1	 0	 1	 1	 0	 
197	0	 1	 1	 0	 1	 1	 0	 
198	0	 1	 1	 0	 1	 1	 0	 
199	0	 1	 1	 0	 1	 1	 1	 
200	0	 1	 1	 0	 1	 1	 0	 
201	0	 1	 1	 0	 1	 1	 0	 
202	0	 1	 1	 0	 1	 1	 0	 
203	0	 1	 1	 1	 0	 0	 0	 
204	0	 1	 1	 0	 1	 1	 0	 
205	0	 1	 1	 0	 1	 1	 0	 
206	0	 1	 1	 0	 1	 1	 0	 
207	0	 1	 1	 1	 0	 0	 1	 
208	0	 1	 1	 0	 1	 1	 0	 
209	0	 1	 1	 0	 1	 1	 0	 
210	0	 1	 1	 0	 1	 1	 0	 
211	0	 1	 1	 1	 0	 1	 0	 
212	0	 1	 1	 0	 1	 1	 0	 
213	0	 1	 1	 0	 1	 1	 0	 
214	0	 1	 1	 0	 1	 1	 0	 
215	0	 1	 1	 1	 0	 1	 1	 
216	0	 1	 1	 0	 1	 1	 0	 
217	0	 1	 1	 0	 1	 1	 0	 
218	0	 1	 1	 0	 1	 1	 0	 
219	0	 1	 1	 1	 1	 0	 0	 
220	0	 1	 1	 0	 1	 1	 0	 
221	0	 1	 1	 0	 1	 1	 0	 
222	0	 1	 1	 0	 1	 1	 0	 
223	0	 1	 1	 1	 1	 0	 1	 
224	0	 1	 1	 0	 1	 1	 0	 
225	0	 1	 1	 0	 1	 1	 0	 
226	0	 1	 1	 0	 1	 1	 0	 
227	0	 1	 1	 1	 1	 1	 0	 
228	0	 1	 1	 0	 1	 1	 0	 
229	0	 1	 1	 0	 1	 1	 0	 
230	0	 1	 1	 0	 1	 1	 0	 
231	0	 1	 1	 1	 1	 1	 1	 
232	0	 1	 1	 0	 1	 1	 0	 
233	0	 1	 1	 0	 1	 1	 0	 
234	0	 1	 1	 0	 1	 1	 0	 
235	1	 0	 0	 0	 0	 0	 0	 
236	0	 1	 1	 0	 1	 1	 0	 
237	0	 1	 1	 0	 1	 1	 0	 
238	0	 1	 1	 0	 1	 1	 0	 
239	1	 0	 0	 0	 0	 0	 1	 
240	0	 1	 1	 0	 1	 1	 0	 
241	0	 1	 1	 0	 1	 1	 0	 
242	0	 1	 1	 0	 1	 1	 0	 
243	1	 0	 0	 0	 0	 1	 0	 
244	0	 1	 1	 0	 1	 1	 0	 
245	0	 1	 1	 0	 1	 1	 0	 
246	0	 1	 1	 0	 1	 1	 0	 
247	1	 0	 0	 0	 0	 1	 1	 
248	0	 0	 0	 0	 0	 0	 0	 
249	0	 0	 0	 0	 0	 0	 0	 
250	0	 0	 0	 0	 0	 0	 0	 
251	1	 0	 0	 0	 1	 0	 0	 
252	0	 0	 0	 0	 0	 0	 0	 
253	1	 0	 0	 0	 1	 0	 1	 
254	0	 0	 0	 0	 0	 0	 0	 
255	0	 0	 0	 0	 0	 0	 0	 
256	0	 0	 0	 0	 0	 0	 0	 
257	1	 0	 0	 0	 1	 1	 0	 
258	0	 0	 0	 0	 0	 0	 0	 
259	0	 0	 0	 0	 0	 0	 0	 
260	0	 0	 0	 0	 0	 0	 0	 
261	1	 0	 0	 0	 1	 1	 1	 
262	0	 0	 0	 0	 0	 0	 0	 
263	0	 0	 0	 0	 0	 0	 0	 
264	0	 0	 0	 0	 0	 0	 0	 
265	1	 0	 0	 1	 0	 0	 0	 
266	0	 0	 0	 0	 0	 0	 0	 
267	0	 0	 0	 0	 0	 0	 0	 
268	0	 0	 0	 0	 0	 0	 0	 
269	1	 0	 0	 1	 0	 0	 1	 
270	0	 0	 0	 0	 0	 0	 0	 
271	0	 0	 0	 0	 0	 0	 0	 
272	0	 0	 0	 0	 0	 0	 0	 
273	1	 0	 0	 1	 0	 1	 0	 
274	0	 0	 0	 0	 0	 0	 0	 
275	0	 0	 0	 0	 0	 0	 0	 
276	0	 0	 0	 0	 0	 0	 0	 
277	1	 0	 0	 1	 0	 1	 1	 
278	0	 0	 0	 0	 0	 0	 0	 
279	0	 0	 0	 0	 0	 0	 0	 
280	0	 0	 0	 0	 0	 0	 0	 
281	1	 0	 0	 1	 1	 0	 0	 
282	0	 0	 0	 0	 0	 0	 0	 
283	0	 0	 0	 0	 0	 0	 0	 
284	0	 0	 0	 0	 0	 0	 0	 
285	1	 0	 0	 1	 1	 0	 1	 
286	0	 0	 0	 0	 0	 0	 0	 
287	0	 0	 0	 0	 0	 0	 0	 
288	0	 0	 0	 0	 0	 0	 0	 
289	1	 0	 0	 1	 1	 1	 0	 
290	0	 0	 0	 0	 0	 0	 0	 
291	0	 0	 0	 0	 0	 0	 0	 
292	1	 0	 0	 1	 1	 1	 1	 
293	0	 0	 0	 0	 0	 0	 0	 
294	0	 0	 0	 0	 0	 0	 0	 
295	0	 0	 0	 0	 0	 0	 0	 
296	1	 0	 1	 0	 0	 0	 0	 
297	0	 0	 0	 0	 0	 0	 0	 
298	0	 0	 0	 0	 0	 0	 0	 
299	0	 0	 0	 0	 0	 0	 0	 
300	1	 0	 1	 0	 0	 0	 1	 
301	0	 0	 0	 0	 0	 0	 0	 
302	0	 0	 0	 0	 0	 0	 0	 
303	0	 0	 0	 0	 0	 0	 0	 
304	1	 0	 1	 0	 0	 1	 0	 
305	0	 0	 0	 0	 0	 0	 0	 
306	0	 0	 0	 0	 0	 0	 0	 
307	0	 0	 0	 0	 0	 0	 0	 
308	1	 0	 1	 0	 0	 1	 1	 
309	0	 0	 0	 0	 0	 0	 0	 
310	0	 0	 0	 0	 0	 0	 0	 
311	0	 0	 0	 0	 0	 0	 0	 
312	1	 0	 1	 0	 1	 0	 0	 
313	0	 0	 0	 0	 0	 0	 0	 
314	0	 0	 0	 0	 0	 0	 0	 
315	0	 0	 0	 0	 0	 0	 0	 
316	1	 0	 1	 0	 1	 0	 1	 
317	0	 0	 0	 0	 0	 0	 0	 
318	0	 0	 0	 0	 0	 0	 0	 
319	0	 0	 0	 0	 0	 0	 0	 
320	1	 0	 1	 0	 1	 1	 0	 
321	0	 0	 0	 0	 0	 0	 0	 
322	1	 0	 1	 0	 1	 1	 1	 
323	1	 0	 1	 1	 0	 0	 0	 
324	0	 1	 1	 0	 0	 0	 0	 
325	0	 1	 1	 0	 0	 0	 0	 
326	0	 1	 1	 0	 0	 0	 0	 
327	1	 0	 1	 1	 0	 0	 1	 
328	0	 1	 1	 0	 0	 0	 0	 
329	0	 1	 1	 0	 0	 0	 0	 
330	0	 1	 1	 0	 0	 0	 0	 
331	1	 0	 1	 1	 0	 1	 0	 
332	0	 1	 1	 0	 0	 0	 0	 
333	0	 1	 1	 0	 0	 0	 0	 
334	0	 1	 1	 0	 0	 0	 0	 
335	1	 0	 1	 1	 0	 1	 1	 
336	0	 1	 1	 0	 0	 0	 0	 
337	0	 1	 1	 0	 0	 0	 0	 
338	0	 1	 1	 0	 0	 0	 0	 
339	1	 0	 1	 1	 1	 0	 0	 
340	0	 1	 1	 0	 0	 0	 0	 
341	0	 1	 1	 0	 0	 0	 0	 
342	0	 1	 1	 0	 0	 0	 0	 
343	1	 0	 1	 1	 1	 0	 1	 
344	0	 1	 1	 0	 0	 0	 0	 
345	0	 1	 1	 0	 0	 0	 0	 
346	0	 1	 1	 0	 0	 0	 0	 
347	1	 0	 1	 1	 1	 1	 0	 
348	0	 1	 1	 0	 0	 0	 0	 
349	0	 1	 1	 0	 0	 0	 0	 
350	0	 1	 1	 0	 0	 0	 0	 
351	1	 0	 1	 1	 1	 1	 1	 
352	0	 1	 1	 0	 0	 0	 0	 
353	0	 1	 1	 0	 0	 0	 0	 
354	0	 1	 1	 0	 0	 0	 0	 
355	1	 1	 0	 0	 0	 0	 1	 
356	0	 1	 1	 0	 0	 0	 0	 
357	0	 1	 1	 0	 0	 0	 0	 
358	0	 1	 1	 0	 0	 0	 0	 
359	1	 1	 0	 0	 0	 1	 0	 
360	0	 1	 1	 0	 0	 0	 0	 
361	0	 1	 1	 0	 0	 0	 0	 
362	1	 1	 0	 0	 0	 1	 1	 
363	0	 1	 1	 1	 0	 0	 0	 
364	0	 1	 1	 1	 0	 0	 0	 
