7
	1 2	3 1	1 1	1 5	1 3	2 1	1 4
0	1	 1	 0	 0	 0	 0	 0	 
1	1	 1	 0	 0	 0	 0	 0	 
2	0	 0	 0	 0	 0	 0	 0	 
3	1	 1	 0	 0	 0	 0	 0	 
4	1	 1	 0	 0	 0	 0	 0	 
5	1	 1	 0	 0	 0	 0	 0	 
6	0	 0	 0	 0	 0	 0	 1	 
7	1	 1	 0	 0	 0	 0	 0	 
8	1	 1	 0	 0	 0	 0	 0	 
9	1	 1	 0	 0	 0	 0	 0	 
10	0	 0	 0	 0	 0	 1	 0	 
11	1	 1	 0	 0	 0	 0	 0	 
12	1	 1	 0	 0	 0	 0	 0	 
13	1	 1	 0	 0	 0	 0	 0	 
14	0	 0	 0	 0	 0	 1	 1	 
15	1	 1	 0	 0	 0	 0	 0	 
16	1	 1	 0	 0	 0	 0	 0	 
17	1	 1	 0	 0	 0	 0	 0	 
18	0	 0	 0	 0	 1	 0	 0	 
19	1	 1	 0	 0	 0	 0	 0	 
20	1	 1	 0	 0	 0	 0	 0	 
21	1	 1	 0	 0	 0	 0	 0	 
22	0	 0	 0	 0	 1	 0	 1	 
23	1	 1	 0	 0	 0	 0	 0	 
24	1	 1	 0	 0	 0	 0	 0	 
25	1	 1	 0	 0	 0	 0	 0	 
26	0	 0	 0	 0	 1	 1	 0	 
27	1	 1	 0	 0	 0	 0	 0	 
28	1	 1	 0	 0	 0	 0	 0	 
29	1	 1	 0	 0	 0	 0	 0	 
30	0	 0	 0	 0	 1	 1	 1	 
31	1	 1	 0	 0	 0	 0	 0	 
32	1	 1	 0	 0	 0	 0	 0	 
33	1	 1	 0	 0	 0	 0	 0	 
34	0	 0	 0	 1	 0	 0	 0	 
35	1	 1	 0	 0	 0	 0	 0	 
36	1	 1	 0	 0	 0	 0	 0	 
37	1	 1	 0	 0	 0	 0	 0	 
38	0	 0	 0	 1	 0	 0	 1	 
39	1	 1	 0	 0	 0	 0	 0	 
40	1	 1	 0	 0	 0	 0	 0	 
41	1	 1	 0	 0	 0	 0	 0	 
42	0	 0	 0	 1	 0	 1	 0	 
43	1	 1	 0	 0	 0	 0	 0	 
44	1	 1	 0	 0	 0	 0	 0	 
45	1	 1	 0	 0	 0	 0	 0	 
46	0	 0	 0	 1	 0	 1	 1	 
47	1	 1	 0	 0	 0	 0	 0	 
48	1	 1	 0	 0	 0	 0	 0	 
49	1	 1	 0	 0	 0	 0	 0	 
50	0	 0	 0	 1	 1	 0	 0	 
51	1	 1	 0	 0	 0	 0	 0	 
52	1	 1	 0	 0	 0	 0	 0	 
53	1	 1	 0	 0	 0	 0	 0	 
54	0	 0	 0	 1	 1	 0	 1	 
55	1	 1	 0	 0	 0	 0	 0	 
56	1	 1	 0	 0	 0	 0	 0	 
57	1	 1	 0	 0	 0	 0	 0	 
58	0	 0	 0	 1	 1	 1	 0	 
59	1	 1	 0	 0	 0	 0	 0	 
60	1	 1	 0	 0	 0	 0	 0	 
61	1	 1	 0	 0	 0	 0	 0	 
62	0	 0	 0	 1	 1	 1	 1	 
63	1	 1	 0	 0	 0	 0	 0	 
64	1	 1	 0	 0	 0	 0	 0	 
65	1	 1	 0	 0	 0	 0	 0	 
66	0	 0	 1	 0	 0	 0	 0	 
67	1	 1	 0	 0	 0	 0	 0	 
68	1	 1	 0	 0	 0	 0	 0	 
69	1	 1	 0	 0	 0	 0	 0	 
70	0	 0	 1	 0	 0	 0	 1	 
71	0	 1	 1	 0	 0	 0	 0	 
72	0	 1	 1	 0	 0	 0	 0	 
73	0	 1	 1	 0	 0	 0	 0	 
74	0	 1	 1	 0	 0	 0	 0	 
75	0	 0	 1	 0	 0	 1	 0	 
76	0	 1	 1	 0	 0	 0	 0	 
77	0	 1	 1	 0	 0	 0	 0	 
78	0	 1	 1	 0	 0	 0	 0	 
79	0	 0	 1	 0	 0	 1	 1	 
80	0	 1	 1	 0	 0	 0	 0	 
81	0	 1	 1	 0	 0	 0	 0	 
82	0	 1	 1	 0	 0	 0	 0	 
83	0	 0	 1	 0	 1	 0	 0	 
84	0	 1	 1	 0	 0	 0	 0	 
85	0	 1	 1	 0	 0	 0	 0	 
86	0	 0	 1	 0	 1	 0	 1	 
87	0	 1	 1	 0	 0	 0	 0	 
88	0	 1	 1	 0	 0	 0	 0	 
89	0	 1	 1	 0	 0	 0	 0	 
90	0	 0	 1	 0	 1	 1	 0	 
91	0	 1	 1	 0	 0	 0	 0	 
92	0	 1	 1	 0	 0	 0	 0	 
93	0	 1	 1	 0	 0	 0	 0	 
94	0	 0	 1	 0	 1	 1	 1	 
95	0	 1	 1	 0	 0	 0	 0	 
96	0	 1	 1	 0	 0	 0	 0	 
97	0	 1	 1	 0	 0	 0	 0	 
98	0	 0	 1	 1	 0	 0	 0	 
99	0	 1	 1	 0	 0	 0	 0	 
100	0	 1	 1	 0	 0	 0	 0	 
101	0	 1	 1	 0	 0	 0	 0	 
102	0	 0	 1	 1	 0	 0	 1	 
103	0	 1	 1	 0	 0	 0	 0	 
104	0	 1	 1	 0	 0	 0	 0	 
105	0	 1	 1	 0	 0	 0	 0	 
106	0	 0	 1	 1	 0	 1	 0	 
107	0	 1	 1	 0	 0	 0	 0	 
108	0	 1	 1	 0	 0	 0	 0	 
109	0	 1	 1	 0	 0	 0	 0	 
110	0	 0	 1	 1	 0	 1	 1	 
111	0	 1	 1	 0	 0	 0	 0	 
112	0	 1	 1	 0	 0	 0	 0	 
113	0	 1	 1	 0	 0	 0	 0	 
114	0	 0	 1	 1	 1	 0	 0	 
115	0	 1	 1	 0	 0	 0	 0	 
116	0	 1	 1	 0	 0	 0	 0	 
117	0	 1	 1	 0	 0	 0	 0	 
118	0	 0	 1	 1	 1	 0	 1	 
119	0	 1	 1	 0	 0	 0	 0	 
120	0	 1	 1	 0	 0	 0	 0	 
121	0	 1	 1	 0	 0	 0	 0	 
122	0	 0	 1	 1	 1	 1	 0	 
123	0	 1	 1	 0	 0	 0	 0	 
124	0	 1	 1	 0	 0	 0	 0	 
125	0	 1	 1	 0	 0	 0	 0	 
126	0	 0	 1	 1	 1	 1	 1	 
127	0	 1	 1	 0	 0	 0	 0	 
128	0	 1	 1	 0	 0	 0	 0	 
129	0	 1	 1	 0	 0	 0	 0	 
130	0	 1	 0	 0	 0	 0	 0	 
131	0	 1	 0	 0	 0	 0	 1	 
132	0	 1	 1	 0	 0	 0	 0	 
133	0	 1	 1	 0	 0	 0	 0	 
134	0	 1	 0	 0	 0	 1	 0	 
135	0	 0	 0	 0	 0	 1	 0	 
136	0	 0	 0	 0	 0	 1	 0	 
137	0	 0	 0	 0	 0	 1	 0	 
138	0	 1	 0	 0	 0	 1	 1	 
139	0	 0	 0	 0	 0	 1	 0	 
140	0	 0	 0	 0	 0	 1	 0	 
141	0	 0	 0	 0	 0	 1	 0	 
142	0	 1	 0	 0	 1	 0	 0	 
143	0	 0	 0	 0	 0	 1	 0	 
144	0	 0	 0	 0	 0	 1	 0	 
145	0	 1	 0	 0	 1	 0	 1	 
146	0	 1	 0	 0	 1	 1	 0	 
147	0	 0	 0	 0	 0	 1	 0	 
148	0	 0	 0	 0	 0	 1	 0	 
149	0	 0	 0	 0	 0	 1	 0	 
150	0	 1	 0	 0	 1	 1	 1	 
151	0	 0	 0	 0	 0	 1	 0	 
152	0	 0	 0	 0	 0	 1	 0	 
153	0	 0	 0	 0	 0	 1	 0	 
154	0	 1	 0	 1	 0	 0	 0	 
155	0	 0	 0	 0	 0	 1	 0	 
156	0	 0	 0	 0	 0	 1	 0	 
157	0	 0	 0	 0	 0	 1	 0	 
158	0	 1	 0	 1	 0	 0	 1	 
159	0	 0	 0	 0	 0	 1	 0	 
160	0	 0	 0	 0	 0	 1	 0	 
161	0	 0	 0	 0	 0	 1	 0	 
162	0	 1	 1	 0	 0	 1	 0	 
163	0	 1	 1	 0	 0	 1	 0	 
164	0	 1	 1	 0	 0	 1	 0	 
165	0	 1	 1	 0	 0	 1	 0	 
166	0	 1	 0	 1	 0	 1	 0	 
167	0	 1	 0	 1	 0	 1	 1	 
168	0	 1	 1	 0	 0	 1	 0	 
169	0	 1	 1	 0	 0	 1	 0	 
170	0	 1	 1	 0	 0	 1	 0	 
171	0	 1	 0	 1	 1	 0	 0	 
172	0	 1	 1	 0	 0	 1	 0	 
173	0	 1	 1	 0	 0	 1	 0	 
174	0	 1	 1	 0	 0	 1	 0	 
175	0	 1	 0	 1	 1	 0	 1	 
176	0	 1	 1	 0	 0	 1	 0	 
177	0	 1	 1	 0	 0	 1	 0	 
178	0	 1	 1	 0	 0	 1	 0	 
179	0	 1	 0	 1	 1	 1	 0	 
180	0	 1	 1	 0	 0	 1	 0	 
181	0	 1	 1	 0	 0	 1	 0	 
182	0	 1	 1	 0	 0	 1	 0	 
183	0	 1	 0	 1	 1	 1	 1	 
184	0	 1	 1	 0	 0	 1	 0	 
185	0	 1	 1	 0	 0	 1	 0	 
186	0	 1	 1	 0	 0	 1	 0	 
187	0	 1	 1	 0	 0	 0	 1	 
188	0	 1	 1	 0	 0	 1	 0	 
189	0	 1	 1	 0	 0	 1	 0	 
190	0	 1	 1	 0	 0	 1	 0	 
191	0	 1	 1	 0	 0	 1	 1	 
192	0	 1	 1	 0	 0	 1	 0	 
193	0	 1	 1	 0	 1	 0	 0	 
194	0	 1	 1	 0	 0	 1	 0	 
195	0	 1	 1	 0	 0	 1	 0	 
196	0	 1	 1	 0	 0	 1	 0	 
197	0	 1	 1	 0	 1	 0	 1	 
198	0	 1	 1	 0	 0	 1	 0	 
199	0	 1	 1	 0	 0	 1	 0	 
200	0	 1	 1	 0	 0	 1	 0	 
201	0	 1	 1	 0	 1	 1	 0	 
202	0	 1	 1	 0	 0	 1	 0	 
203	0	 1	 1	 0	 0	 1	 0	 
204	0	 1	 1	 0	 0	 1	 0	 
205	0	 1	 1	 0	 1	 1	 1	 
206	0	 1	 1	 0	 0	 1	 0	 
207	0	 1	 1	 0	 0	 1	 0	 
208	0	 1	 1	 0	 0	 1	 0	 
209	0	 1	 1	 1	 0	 0	 0	 
210	0	 1	 1	 0	 0	 1	 0	 
211	0	 1	 1	 0	 0	 1	 0	 
212	0	 1	 1	 1	 0	 0	 1	 
213	0	 1	 1	 0	 1	 1	 0	 
214	0	 1	 1	 0	 1	 1	 0	 
215	0	 1	 1	 0	 1	 1	 0	 
216	0	 1	 1	 1	 0	 1	 0	 
217	0	 1	 1	 0	 1	 1	 0	 
218	0	 1	 1	 1	 0	 1	 1	 
219	1	 0	 0	 0	 0	 1	 0	 
220	1	 0	 0	 0	 0	 1	 0	 
221	1	 0	 0	 0	 0	 1	 0	 
222	1	 0	 0	 0	 0	 1	 0	 
223	0	 1	 1	 1	 1	 0	 0	 
224	1	 0	 0	 0	 0	 1	 0	 
225	0	 1	 1	 1	 1	 0	 1	 
226	0	 1	 1	 1	 1	 1	 0	 
227	0	 0	 0	 0	 0	 0	 0	 
228	0	 0	 0	 0	 0	 0	 0	 
229	0	 0	 0	 0	 0	 0	 0	 
230	0	 1	 1	 1	 1	 1	 1	 
231	0	 0	 0	 0	 0	 0	 0	 
232	0	 0	 0	 0	 0	 0	 0	 
233	0	 0	 0	 0	 0	 0	 0	 
234	1	 0	 0	 0	 0	 0	 0	 
235	0	 0	 0	 0	 0	 0	 0	 
236	0	 0	 0	 0	 0	 0	 0	 
237	0	 0	 0	 0	 0	 0	 0	 
238	1	 0	 0	 0	 0	 0	 1	 
239	0	 0	 0	 0	 0	 0	 0	 
240	0	 0	 0	 0	 0	 0	 0	 
241	0	 0	 0	 0	 0	 0	 0	 
242	1	 0	 0	 0	 0	 1	 1	 
243	0	 0	 0	 0	 0	 0	 0	 
244	0	 0	 0	 0	 0	 0	 0	 
245	0	 0	 0	 0	 0	 0	 0	 
246	1	 0	 0	 0	 1	 0	 0	 
247	0	 0	 0	 0	 0	 0	 0	 
248	0	 0	 0	 0	 0	 0	 0	 
249	0	 0	 0	 0	 0	 0	 0	 
250	1	 0	 0	 0	 1	 0	 1	 
251	0	 0	 0	 0	 0	 0	 0	 
252	0	 0	 0	 0	 0	 0	 0	 
253	0	 0	 0	 0	 0	 0	 0	 
254	1	 0	 0	 0	 1	 1	 0	 
255	0	 0	 0	 0	 0	 0	 0	 
256	0	 0	 0	 0	 0	 0	 0	 
257	0	 0	 0	 0	 0	 0	 0	 
258	1	 0	 0	 0	 1	 1	 1	 
259	0	 0	 0	 0	 0	 0	 0	 
260	0	 0	 0	 0	 0	 0	 0	 
261	0	 0	 0	 0	 0	 0	 0	 
262	1	 0	 0	 1	 0	 0	 0	 
263	0	 0	 0	 0	 0	 0	 0	 
264	0	 0	 0	 0	 0	 0	 0	 
265	0	 0	 0	 0	 0	 0	 0	 
266	1	 0	 0	 1	 0	 0	 1	 
267	0	 0	 0	 0	 0	 0	 0	 
268	0	 0	 0	 0	 0	 0	 0	 
269	0	 0	 0	 0	 0	 0	 0	 
270	1	 0	 0	 1	 0	 1	 0	 
271	0	 0	 0	 0	 0	 0	 0	 
272	0	 0	 0	 0	 0	 0	 0	 
273	0	 0	 0	 0	 0	 0	 0	 
274	1	 0	 0	 1	 0	 1	 1	 
275	0	 0	 0	 0	 0	 0	 0	 
276	0	 0	 0	 0	 0	 0	 0	 
277	0	 0	 0	 0	 0	 0	 0	 
278	1	 0	 0	 1	 1	 0	 0	 
279	0	 0	 0	 0	 0	 0	 0	 
280	0	 0	 0	 0	 0	 0	 0	 
281	0	 0	 0	 0	 0	 0	 0	 
282	1	 0	 0	 1	 1	 0	 1	 
283	1	 0	 0	 1	 1	 1	 0	 
284	0	 0	 0	 0	 0	 0	 0	 
285	0	 0	 0	 0	 0	 0	 0	 
286	0	 0	 0	 0	 0	 0	 0	 
287	1	 0	 0	 1	 1	 1	 1	 
288	0	 0	 0	 0	 0	 0	 0	 
289	0	 0	 0	 0	 0	 0	 0	 
290	0	 0	 0	 0	 0	 0	 0	 
291	1	 0	 1	 0	 0	 0	 0	 
292	0	 0	 0	 0	 0	 0	 0	 
293	0	 0	 0	 0	 0	 0	 0	 
294	0	 0	 0	 0	 0	 0	 0	 
295	1	 0	 1	 0	 0	 0	 1	 
296	0	 0	 0	 0	 0	 0	 0	 
297	0	 0	 0	 0	 0	 0	 0	 
298	0	 0	 0	 0	 0	 0	 0	 
299	1	 0	 1	 0	 0	 1	 0	 
300	0	 0	 0	 0	 0	 0	 0	 
301	0	 0	 0	 0	 0	 0	 0	 
302	0	 0	 0	 0	 0	 0	 0	 
303	1	 0	 1	 0	 0	 1	 1	 
304	0	 0	 0	 0	 0	 0	 0	 
305	0	 0	 0	 0	 0	 0	 0	 
306	0	 0	 0	 0	 0	 0	 0	 
307	1	 0	 1	 0	 1	 0	 0	 
308	0	 0	 0	 0	 0	 0	 0	 
309	1	 0	 1	 0	 1	 0	 1	 
310	0	 0	 0	 0	 0	 0	 0	 
311	0	 0	 0	 0	 0	 0	 0	 
312	0	 0	 0	 0	 0	 0	 0	 
313	1	 0	 1	 0	 1	 1	 0	 
314	0	 0	 0	 0	 0	 0	 0	 
315	0	 0	 0	 0	 0	 0	 0	 
316	1	 0	 1	 0	 1	 1	 1	 
317	1	 0	 1	 1	 0	 0	 0	 
318	0	 0	 0	 0	 0	 0	 0	 
319	0	 0	 0	 0	 0	 0	 0	 
320	0	 0	 0	 0	 0	 0	 0	 
321	1	 0	 1	 1	 0	 0	 1	 
322	0	 0	 0	 0	 0	 0	 0	 
323	0	 0	 0	 0	 0	 0	 0	 
324	0	 0	 0	 0	 0	 0	 0	 
325	1	 0	 1	 1	 0	 1	 0	 
326	0	 0	 0	 0	 0	 0	 0	 
327	0	 0	 0	 0	 0	 0	 0	 
328	0	 0	 0	 0	 0	 0	 0	 
329	1	 0	 1	 1	 0	 1	 1	 
330	1	 0	 1	 1	 1	 0	 0	 
331	0	 0	 0	 0	 0	 0	 0	 
332	0	 0	 0	 0	 0	 0	 0	 
333	0	 0	 0	 0	 0	 0	 0	 
334	1	 0	 1	 1	 1	 0	 1	 
335	0	 0	 0	 0	 0	 0	 0	 
336	0	 0	 0	 0	 0	 0	 0	 
337	0	 0	 0	 0	 0	 0	 0	 
338	1	 0	 1	 1	 1	 1	 0	 
339	0	 0	 0	 0	 0	 0	 0	 
340	0	 0	 0	 0	 0	 0	 0	 
341	0	 0	 0	 0	 0	 0	 0	 
342	1	 0	 1	 1	 1	 1	 1	 
343	0	 0	 0	 0	 0	 0	 0	 
344	0	 0	 0	 0	 0	 0	 0	 
345	0	 0	 0	 0	 0	 0	 0	 
346	1	 1	 0	 0	 0	 0	 1	 
347	0	 0	 0	 0	 0	 0	 0	 
348	0	 0	 0	 0	 0	 0	 0	 
349	0	 0	 0	 0	 0	 0	 0	 
350	1	 1	 0	 0	 0	 1	 0	 
351	0	 0	 0	 0	 0	 0	 0	 
352	0	 0	 0	 0	 0	 0	 0	 
353	0	 0	 0	 0	 0	 0	 0	 
354	1	 1	 0	 0	 0	 1	 1	 
355	0	 0	 0	 0	 0	 0	 0	 
356	0	 0	 0	 0	 0	 0	 0	 
357	0	 0	 0	 0	 0	 0	 0	 
